LinkID,SourceID,DestinationID,PeerID,Cost,Bandwidth,Delay,SRLGNum,SRLGs
0,0,54,0,1,0,0,0,0
1,54,0,0,1,0,0,0,0
2,54,1,0,1,0,0,0,0
3,1,54,0,1,0,0,0,0
4,99,67,0,1,0,0,0,0
5,67,99,0,1,0,0,0,0
6,67,39,0,1,0,0,0,0
7,39,67,0,1,0,0,0,0
8,98,61,0,1,0,0,0,0
9,61,98,0,1,0,0,0,0
10,61,60,0,1,0,0,0,0
11,60,61,0,1,0,0,0,0
12,97,87,0,1,0,0,0,0
13,87,97,0,1,0,0,0,0
14,87,57,0,1,0,0,0,0
15,57,87,0,1,0,0,0,0
16,96,73,0,1,0,0,0,0
17,73,96,0,1,0,0,0,0
18,73,74,0,1,0,0,0,0
19,74,73,0,1,0,0,0,0
20,95,43,0,1,0,0,0,0
21,43,95,0,1,0,0,0,0
22,43,14,0,1,0,0,0,0
23,14,43,0,1,0,0,0,0
24,94,32,0,1,0,0,0,0
25,32,94,0,1,0,0,0,0
26,32,79,0,1,0,0,0,0
27,79,32,0,1,0,0,0,0
28,93,12,0,1,0,0,0,0
29,12,93,0,1,0,0,0,0
30,12,66,0,1,0,0,0,0
31,66,12,0,1,0,0,0,0
32,92,89,0,1,0,0,0,0
33,89,92,0,1,0,0,0,0
34,89,55,0,1,0,0,0,0
35,55,89,0,1,0,0,0,0
36,91,7,0,1,0,0,0,0
37,7,91,0,1,0,0,0,0
38,7,90,0,1,0,0,0,0
39,90,7,0,1,0,0,0,0
40,90,41,0,1,0,0,0,0
41,41,90,0,1,0,0,0,0
42,88,53,0,1,0,0,0,0
43,53,88,0,1,0,0,0,0
44,53,71,0,1,0,0,0,0
45,71,53,0,1,0,0,0,0
46,86,76,0,1,0,0,0,0
47,76,86,0,1,0,0,0,0
48,76,49,0,1,0,0,0,0
49,49,76,0,1,0,0,0,0
50,85,75,0,1,0,0,0,0
51,75,85,0,1,0,0,0,0
52,75,56,0,1,0,0,0,0
53,56,75,0,1,0,0,0,0
54,84,11,0,1,0,0,0,0
55,11,84,0,1,0,0,0,0
56,11,16,0,1,0,0,0,0
57,16,11,0,1,0,0,0,0
58,83,18,0,1,0,0,0,0
59,18,83,0,1,0,0,0,0
60,18,99,0,1,0,0,0,0
61,99,18,0,1,0,0,0,0
62,82,37,0,1,0,0,0,0
63,37,82,0,1,0,0,0,0
64,37,13,0,1,0,0,0,0
65,13,37,0,1,0,0,0,0
66,81,15,0,1,0,0,0,0
67,15,81,0,1,0,0,0,0
68,15,84,0,1,0,0,0,0
69,84,15,0,1,0,0,0,0
70,80,21,0,1,0,0,0,0
71,21,80,0,1,0,0,0,0
72,21,70,0,1,0,0,0,0
73,70,21,0,1,0,0,0,0
74,79,82,0,1,0,0,0,0
75,82,79,0,1,0,0,0,0
76,78,85,0,1,0,0,0,0
77,85,78,0,1,0,0,0,0
78,77,80,0,1,0,0,0,0
79,80,77,0,1,0,0,0,0
80,74,68,0,1,0,0,0,0
81,68,74,0,1,0,0,0,0
82,72,33,0,1,0,0,0,0
83,33,72,0,1,0,0,0,0
84,33,30,0,1,0,0,0,0
85,30,33,0,1,0,0,0,0
86,71,72,0,1,0,0,0,0
87,72,71,0,1,0,0,0,0
88,70,35,0,1,0,0,0,0
89,35,70,0,1,0,0,0,0
90,69,96,0,1,0,0,0,0
91,96,69,0,1,0,0,0,0
92,68,9,0,1,0,0,0,0
93,9,68,0,1,0,0,0,0
94,66,28,0,1,0,0,0,0
95,28,66,0,1,0,0,0,0
96,65,97,0,1,0,0,0,0
97,97,65,0,1,0,0,0,0
98,64,47,0,1,0,0,0,0
99,47,64,0,1,0,0,0,0
100,47,17,0,1,0,0,0,0
101,17,47,0,1,0,0,0,0
102,63,59,0,1,0,0,0,0
103,59,63,0,1,0,0,0,0
104,59,27,0,1,0,0,0,0
105,27,59,0,1,0,0,0,0
106,62,50,0,1,0,0,0,0
107,50,62,0,1,0,0,0,0
108,50,69,0,1,0,0,0,0
109,69,50,0,1,0,0,0,0
110,60,52,0,1,0,0,0,0
111,52,60,0,1,0,0,0,0
112,58,78,0,1,0,0,0,0
113,78,58,0,1,0,0,0,0
114,57,0,0,1,0,0,0,0
115,0,57,0,1,0,0,0,0
116,56,29,0,1,0,0,0,0
117,29,56,0,1,0,0,0,0
118,55,62,0,1,0,0,0,0
119,62,55,0,1,0,0,0,0
120,52,88,0,1,0,0,0,0
121,88,52,0,1,0,0,0,0
122,51,83,0,1,0,0,0,0
123,83,51,0,1,0,0,0,0
124,49,81,0,1,0,0,0,0
125,81,49,0,1,0,0,0,0
126,48,4,0,1,0,0,0,0
127,4,48,0,1,0,0,0,0
128,4,38,0,1,0,0,0,0
129,38,4,0,1,0,0,0,0
130,46,91,0,1,0,0,0,0
131,91,46,0,1,0,0,0,0
132,45,22,0,1,0,0,0,0
133,22,45,0,1,0,0,0,0
134,22,6,0,1,0,0,0,0
135,6,22,0,1,0,0,0,0
136,44,86,0,1,0,0,0,0
137,86,44,0,1,0,0,0,0
138,42,24,0,1,0,0,0,0
139,24,42,0,1,0,0,0,0
140,24,63,0,1,0,0,0,0
141,63,24,0,1,0,0,0,0
142,41,77,0,1,0,0,0,0
143,77,41,0,1,0,0,0,0
144,40,3,0,1,0,0,0,0
145,3,40,0,1,0,0,0,0
146,3,95,0,1,0,0,0,0
147,95,3,0,1,0,0,0,0
148,39,92,0,1,0,0,0,0
149,92,39,0,1,0,0,0,0
150,38,46,0,1,0,0,0,0
151,46,38,0,1,0,0,0,0
152,36,40,0,1,0,0,0,0
153,40,36,0,1,0,0,0,0
154,35,36,0,1,0,0,0,0
155,36,35,0,1,0,0,0,0
156,34,98,0,1,0,0,0,0
157,98,34,0,1,0,0,0,0
158,31,94,0,1,0,0,0,0
159,94,31,0,1,0,0,0,0
160,30,42,0,1,0,0,0,0
161,42,30,0,1,0,0,0,0
162,29,44,0,1,0,0,0,0
163,44,29,0,1,0,0,0,0
164,28,65,0,1,0,0,0,0
165,65,28,0,1,0,0,0,0
166,27,20,0,1,0,0,0,0
167,20,27,0,1,0,0,0,0
168,26,2,0,1,0,0,0,0
169,2,26,0,1,0,0,0,0
170,2,31,0,1,0,0,0,0
171,31,2,0,1,0,0,0,0
172,25,93,0,1,0,0,0,0
173,93,25,0,1,0,0,0,0
174,23,58,0,1,0,0,0,0
175,58,23,0,1,0,0,0,0
176,20,26,0,1,0,0,0,0
177,26,20,0,1,0,0,0,0
178,19,48,0,1,0,0,0,0
179,48,19,0,1,0,0,0,0
180,17,64,0,1,0,0,0,0
181,64,17,0,1,0,0,0,0
182,16,45,0,1,0,0,0,0
183,45,16,0,1,0,0,0,0
184,14,8,0,1,0,0,0,0
185,8,14,0,1,0,0,0,0
186,13,23,0,1,0,0,0,0
187,23,13,0,1,0,0,0,0
188,10,19,0,1,0,0,0,0
189,19,10,0,1,0,0,0,0
190,9,5,0,1,0,0,0,0
191,5,9,0,1,0,0,0,0
192,8,34,0,1,0,0,0,0
193,34,8,0,1,0,0,0,0
194,6,25,0,1,0,0,0,0
195,25,6,0,1,0,0,0,0
196,5,10,0,1,0,0,0,0
197,10,5,0,1,0,0,0,0
198,1,51,0,1,0,0,0,0
199,51,1,0,1,0,0,0,0
200,0,4,0,1,0,0,0,0
201,4,0,0,1,0,0,0,0
202,4,69,0,1,0,0,0,0
203,69,4,0,1,0,0,0,0
204,99,66,0,1,0,0,0,0
205,66,99,0,1,0,0,0,0
206,66,87,0,1,0,0,0,0
207,87,66,0,1,0,0,0,0
208,98,86,0,1,0,0,0,0
209,86,98,0,1,0,0,0,0
210,86,71,0,1,0,0,0,0
211,71,86,0,1,0,0,0,0
212,95,96,0,1,0,0,0,0
213,96,95,0,1,0,0,0,0
214,96,48,0,1,0,0,0,0
215,48,96,0,1,0,0,0,0
216,94,46,0,1,0,0,0,0
217,46,94,0,1,0,0,0,0
218,46,14,0,1,0,0,0,0
219,14,46,0,1,0,0,0,0
220,93,63,0,1,0,0,0,0
221,63,93,0,1,0,0,0,0
222,63,20,0,1,0,0,0,0
223,20,63,0,1,0,0,0,0
224,92,8,0,1,0,0,0,0
225,8,92,0,1,0,0,0,0
226,90,84,0,1,0,0,0,0
227,84,90,0,1,0,0,0,0
228,84,12,0,1,0,0,0,0
229,12,84,0,1,0,0,0,0
230,89,64,0,1,0,0,0,0
231,64,89,0,1,0,0,0,0
232,64,36,0,1,0,0,0,0
233,36,64,0,1,0,0,0,0
234,88,13,0,1,0,0,0,0
235,13,88,0,1,0,0,0,0
236,13,57,0,1,0,0,0,0
237,57,13,0,1,0,0,0,0
238,85,53,0,1,0,0,0,0
239,53,85,0,1,0,0,0,0
240,83,75,0,1,0,0,0,0
241,75,83,0,1,0,0,0,0
242,75,0,0,1,0,0,0,0
243,0,75,0,1,0,0,0,0
244,82,49,0,1,0,0,0,0
245,49,82,0,1,0,0,0,0
246,49,7,0,1,0,0,0,0
247,7,49,0,1,0,0,0,0
248,80,23,0,1,0,0,0,0
249,23,80,0,1,0,0,0,0
250,79,27,0,1,0,0,0,0
251,27,79,0,1,0,0,0,0
252,78,72,0,1,0,0,0,0
253,72,78,0,1,0,0,0,0
254,77,52,0,1,0,0,0,0
255,52,77,0,1,0,0,0,0
256,52,40,0,1,0,0,0,0
257,40,52,0,1,0,0,0,0
258,74,39,0,1,0,0,0,0
259,39,74,0,1,0,0,0,0
260,39,35,0,1,0,0,0,0
261,35,39,0,1,0,0,0,0
262,72,16,0,1,0,0,0,0
263,16,72,0,1,0,0,0,0
264,68,97,0,1,0,0,0,0
265,97,68,0,1,0,0,0,0
266,97,47,0,1,0,0,0,0
267,47,97,0,1,0,0,0,0
268,62,10,0,1,0,0,0,0
269,10,62,0,1,0,0,0,0
270,10,91,0,1,0,0,0,0
271,91,10,0,1,0,0,0,0
272,61,80,0,1,0,0,0,0
273,80,61,0,1,0,0,0,0
274,55,50,0,1,0,0,0,0
275,50,55,0,1,0,0,0,0
276,53,93,0,1,0,0,0,0
277,93,53,0,1,0,0,0,0
278,51,33,0,1,0,0,0,0
279,33,51,0,1,0,0,0,0
280,50,37,0,1,0,0,0,0
281,37,50,0,1,0,0,0,0
282,42,22,0,1,0,0,0,0
283,22,42,0,1,0,0,0,0
284,22,26,0,1,0,0,0,0
285,26,22,0,1,0,0,0,0
286,41,43,0,1,0,0,0,0
287,43,41,0,1,0,0,0,0
288,43,59,0,1,0,0,0,0
289,59,43,0,1,0,0,0,0
290,33,32,0,1,0,0,0,0
291,32,33,0,1,0,0,0,0
292,32,1,0,1,0,0,0,0
293,1,32,0,1,0,0,0,0
294,31,41,0,1,0,0,0,0
295,41,31,0,1,0,0,0,0
296,29,54,0,1,0,0,0,0
297,54,29,0,1,0,0,0,0
298,18,73,0,1,0,0,0,0
299,73,18,0,1,0,0,0,0
300,73,51,0,1,0,0,0,0
301,51,73,0,1,0,0,0,0
302,16,95,0,1,0,0,0,0
303,95,16,0,1,0,0,0,0
304,9,94,0,1,0,0,0,0
305,94,9,0,1,0,0,0,0
306,8,85,0,1,0,0,0,0
307,85,8,0,1,0,0,0,0
308,81,77,0,1,0,0,0,0
309,77,81,0,1,0,0,0,0
310,70,55,0,1,0,0,0,0
311,55,70,0,1,0,0,0,0
312,67,11,0,1,0,0,0,0
313,11,67,0,1,0,0,0,0
314,65,74,0,1,0,0,0,0
315,74,65,0,1,0,0,0,0
316,60,76,0,1,0,0,0,0
317,76,60,0,1,0,0,0,0
318,76,34,0,1,0,0,0,0
319,34,76,0,1,0,0,0,0
320,58,70,0,1,0,0,0,0
321,70,58,0,1,0,0,0,0
322,56,31,0,1,0,0,0,0
323,31,56,0,1,0,0,0,0
324,54,99,0,1,0,0,0,0
325,99,54,0,1,0,0,0,0
326,48,82,0,1,0,0,0,0
327,82,48,0,1,0,0,0,0
328,47,29,0,1,0,0,0,0
329,29,47,0,1,0,0,0,0
330,40,98,0,1,0,0,0,0
331,98,40,0,1,0,0,0,0
332,30,60,0,1,0,0,0,0
333,60,30,0,1,0,0,0,0
334,28,83,0,1,0,0,0,0
335,83,28,0,1,0,0,0,0
336,27,30,0,1,0,0,0,0
337,30,27,0,1,0,0,0,0
338,26,21,0,1,0,0,0,0
339,21,26,0,1,0,0,0,0
340,25,3,0,1,0,0,0,0
341,3,25,0,1,0,0,0,0
342,24,58,0,1,0,0,0,0
343,58,24,0,1,0,0,0,0
344,15,92,0,1,0,0,0,0
345,92,15,0,1,0,0,0,0
346,11,44,0,1,0,0,0,0
347,44,11,0,1,0,0,0,0
348,7,17,0,1,0,0,0,0
349,17,7,0,1,0,0,0,0
350,6,89,0,1,0,0,0,0
351,89,6,0,1,0,0,0,0
352,5,78,0,1,0,0,0,0
353,78,5,0,1,0,0,0,0
354,3,38,0,1,0,0,0,0
355,38,3,0,1,0,0,0,0
356,91,25,0,1,0,0,0,0
357,25,91,0,1,0,0,0,0
358,87,62,0,1,0,0,0,0
359,62,87,0,1,0,0,0,0
360,71,28,0,1,0,0,0,0
361,28,71,0,1,0,0,0,0
362,69,24,0,1,0,0,0,0
363,24,69,0,1,0,0,0,0
364,59,90,0,1,0,0,0,0
365,90,59,0,1,0,0,0,0
366,57,9,0,1,0,0,0,0
367,9,57,0,1,0,0,0,0
368,45,15,0,1,0,0,0,0
369,15,45,0,1,0,0,0,0
370,44,65,0,1,0,0,0,0
371,65,44,0,1,0,0,0,0
372,38,68,0,1,0,0,0,0
373,68,38,0,1,0,0,0,0
374,37,88,0,1,0,0,0,0
375,88,37,0,1,0,0,0,0
376,36,56,0,1,0,0,0,0
377,56,36,0,1,0,0,0,0
378,35,18,0,1,0,0,0,0
379,18,35,0,1,0,0,0,0
380,34,42,0,1,0,0,0,0
381,42,34,0,1,0,0,0,0
382,23,2,0,1,0,0,0,0
383,2,23,0,1,0,0,0,0
384,21,61,0,1,0,0,0,0
385,61,21,0,1,0,0,0,0
386,20,79,0,1,0,0,0,0
387,79,20,0,1,0,0,0,0
388,19,67,0,1,0,0,0,0
389,67,19,0,1,0,0,0,0
390,17,19,0,1,0,0,0,0
391,19,17,0,1,0,0,0,0
392,14,6,0,1,0,0,0,0
393,6,14,0,1,0,0,0,0
394,12,81,0,1,0,0,0,0
395,81,12,0,1,0,0,0,0
396,2,5,0,1,0,0,0,0
397,5,2,0,1,0,0,0,0
398,1,45,0,1,0,0,0,0
399,45,1,0,1,0,0,0,0
400,0,51,0,1,0,0,0,0
401,51,0,0,1,0,0,0,0
402,51,96,0,1,0,0,0,0
403,96,51,0,1,0,0,0,0
404,99,5,0,1,0,0,0,0
405,5,99,0,1,0,0,0,0
406,5,36,0,1,0,0,0,0
407,36,5,0,1,0,0,0,0
408,98,4,0,1,0,0,0,0
409,4,98,0,1,0,0,0,0
410,4,84,0,1,0,0,0,0
411,84,4,0,1,0,0,0,0
412,97,61,0,1,0,0,0,0
413,61,97,0,1,0,0,0,0
414,61,53,0,1,0,0,0,0
415,53,61,0,1,0,0,0,0
416,96,21,0,1,0,0,0,0
417,21,96,0,1,0,0,0,0
418,94,22,0,1,0,0,0,0
419,22,94,0,1,0,0,0,0
420,22,81,0,1,0,0,0,0
421,81,22,0,1,0,0,0,0
422,92,72,0,1,0,0,0,0
423,72,92,0,1,0,0,0,0
424,72,63,0,1,0,0,0,0
425,63,72,0,1,0,0,0,0
426,91,14,0,1,0,0,0,0
427,14,91,0,1,0,0,0,0
428,14,65,0,1,0,0,0,0
429,65,14,0,1,0,0,0,0
430,89,71,0,1,0,0,0,0
431,71,89,0,1,0,0,0,0
432,87,30,0,1,0,0,0,0
433,30,87,0,1,0,0,0,0
434,30,38,0,1,0,0,0,0
435,38,30,0,1,0,0,0,0
436,84,1,0,1,0,0,0,0
437,1,84,0,1,0,0,0,0
438,82,70,0,1,0,0,0,0
439,70,82,0,1,0,0,0,0
440,81,75,0,1,0,0,0,0
441,75,81,0,1,0,0,0,0
442,79,24,0,1,0,0,0,0
443,24,79,0,1,0,0,0,0
444,76,29,0,1,0,0,0,0
445,29,76,0,1,0,0,0,0
446,29,9,0,1,0,0,0,0
447,9,29,0,1,0,0,0,0
448,75,95,0,1,0,0,0,0
449,95,75,0,1,0,0,0,0
450,70,27,0,1,0,0,0,0
451,27,70,0,1,0,0,0,0
452,67,97,0,1,0,0,0,0
453,97,67,0,1,0,0,0,0
454,66,55,0,1,0,0,0,0
455,55,66,0,1,0,0,0,0
456,55,73,0,1,0,0,0,0
457,73,55,0,1,0,0,0,0
458,52,37,0,1,0,0,0,0
459,37,52,0,1,0,0,0,0
460,37,16,0,1,0,0,0,0
461,16,37,0,1,0,0,0,0
462,41,69,0,1,0,0,0,0
463,69,41,0,1,0,0,0,0
464,39,40,0,1,0,0,0,0
465,40,39,0,1,0,0,0,0
466,40,17,0,1,0,0,0,0
467,17,40,0,1,0,0,0,0
468,34,83,0,1,0,0,0,0
469,83,34,0,1,0,0,0,0
470,31,12,0,1,0,0,0,0
471,12,31,0,1,0,0,0,0
472,25,85,0,1,0,0,0,0
473,85,25,0,1,0,0,0,0
474,23,60,0,1,0,0,0,0
475,60,23,0,1,0,0,0,0
476,17,34,0,1,0,0,0,0
477,34,17,0,1,0,0,0,0
478,90,15,0,1,0,0,0,0
479,15,90,0,1,0,0,0,0
480,86,45,0,1,0,0,0,0
481,45,86,0,1,0,0,0,0
482,85,47,0,1,0,0,0,0
483,47,85,0,1,0,0,0,0
484,77,44,0,1,0,0,0,0
485,44,77,0,1,0,0,0,0
486,71,90,0,1,0,0,0,0
487,90,71,0,1,0,0,0,0
488,63,10,0,1,0,0,0,0
489,10,63,0,1,0,0,0,0
490,60,41,0,1,0,0,0,0
491,41,60,0,1,0,0,0,0
492,57,98,0,1,0,0,0,0
493,98,57,0,1,0,0,0,0
494,49,67,0,1,0,0,0,0
495,67,49,0,1,0,0,0,0
496,44,58,0,1,0,0,0,0
497,58,44,0,1,0,0,0,0
498,38,13,0,1,0,0,0,0
499,13,38,0,1,0,0,0,0
500,36,46,0,1,0,0,0,0
501,46,36,0,1,0,0,0,0
502,32,93,0,1,0,0,0,0
503,93,32,0,1,0,0,0,0
504,27,19,0,1,0,0,0,0
505,19,27,0,1,0,0,0,0
506,13,48,0,1,0,0,0,0
507,48,13,0,1,0,0,0,0
508,9,64,0,1,0,0,0,0
509,64,9,0,1,0,0,0,0
510,2,92,0,1,0,0,0,0
511,92,2,0,1,0,0,0,0
512,95,56,0,1,0,0,0,0
513,56,95,0,1,0,0,0,0
514,93,62,0,1,0,0,0,0
515,62,93,0,1,0,0,0,0
516,83,31,0,1,0,0,0,0
517,31,83,0,1,0,0,0,0
518,80,99,0,1,0,0,0,0
519,99,80,0,1,0,0,0,0
520,74,33,0,1,0,0,0,0
521,33,74,0,1,0,0,0,0
522,73,32,0,1,0,0,0,0
523,32,73,0,1,0,0,0,0
524,65,25,0,1,0,0,0,0
525,25,65,0,1,0,0,0,0
526,62,39,0,1,0,0,0,0
527,39,62,0,1,0,0,0,0
528,58,35,0,1,0,0,0,0
529,35,58,0,1,0,0,0,0
530,46,7,0,1,0,0,0,0
531,7,46,0,1,0,0,0,0
532,26,8,0,1,0,0,0,0
533,8,26,0,1,0,0,0,0
534,24,6,0,1,0,0,0,0
535,6,24,0,1,0,0,0,0
536,21,54,0,1,0,0,0,0
537,54,21,0,1,0,0,0,0
538,20,89,0,1,0,0,0,0
539,89,20,0,1,0,0,0,0
540,7,42,0,1,0,0,0,0
541,42,7,0,1,0,0,0,0
542,88,59,0,1,0,0,0,0
543,59,88,0,1,0,0,0,0
544,59,74,0,1,0,0,0,0
545,74,59,0,1,0,0,0,0
546,69,86,0,1,0,0,0,0
547,86,69,0,1,0,0,0,0
548,54,23,0,1,0,0,0,0
549,23,54,0,1,0,0,0,0
550,53,11,0,1,0,0,0,0
551,11,53,0,1,0,0,0,0
552,48,80,0,1,0,0,0,0
553,80,48,0,1,0,0,0,0
554,35,66,0,1,0,0,0,0
555,66,35,0,1,0,0,0,0
556,10,87,0,1,0,0,0,0
557,87,10,0,1,0,0,0,0
558,8,68,0,1,0,0,0,0
559,68,8,0,1,0,0,0,0
560,78,57,0,1,0,0,0,0
561,57,78,0,1,0,0,0,0
562,68,77,0,1,0,0,0,0
563,77,68,0,1,0,0,0,0
564,64,78,0,1,0,0,0,0
565,78,64,0,1,0,0,0,0
566,56,26,0,1,0,0,0,0
567,26,56,0,1,0,0,0,0
568,50,52,0,1,0,0,0,0
569,52,50,0,1,0,0,0,0
570,47,2,0,1,0,0,0,0
571,2,47,0,1,0,0,0,0
572,45,82,0,1,0,0,0,0
573,82,45,0,1,0,0,0,0
574,43,79,0,1,0,0,0,0
575,79,43,0,1,0,0,0,0
576,42,3,0,1,0,0,0,0
577,3,42,0,1,0,0,0,0
578,33,20,0,1,0,0,0,0
579,20,33,0,1,0,0,0,0
580,28,76,0,1,0,0,0,0
581,76,28,0,1,0,0,0,0
582,19,28,0,1,0,0,0,0
583,28,19,0,1,0,0,0,0
584,18,43,0,1,0,0,0,0
585,43,18,0,1,0,0,0,0
586,16,94,0,1,0,0,0,0
587,94,16,0,1,0,0,0,0
588,15,0,0,1,0,0,0,0
589,0,15,0,1,0,0,0,0
590,12,50,0,1,0,0,0,0
591,50,12,0,1,0,0,0,0
592,11,49,0,1,0,0,0,0
593,49,11,0,1,0,0,0,0
594,6,88,0,1,0,0,0,0
595,88,6,0,1,0,0,0,0
596,3,91,0,1,0,0,0,0
597,91,3,0,1,0,0,0,0
598,1,18,0,1,0,0,0,0
599,18,1,0,1,0,0,0,0
600,0,3,0,1,0,0,0,0
601,3,0,0,1,0,0,0,0
602,3,11,0,1,0,0,0,0
603,11,3,0,1,0,0,0,0
604,99,32,0,1,0,0,0,0
605,32,99,0,1,0,0,0,0
606,32,35,0,1,0,0,0,0
607,35,32,0,1,0,0,0,0
608,98,60,0,1,0,0,0,0
609,60,98,0,1,0,0,0,0
610,60,46,0,1,0,0,0,0
611,46,60,0,1,0,0,0,0
612,97,73,0,1,0,0,0,0
613,73,97,0,1,0,0,0,0
614,92,88,0,1,0,0,0,0
615,88,92,0,1,0,0,0,0
616,88,70,0,1,0,0,0,0
617,70,88,0,1,0,0,0,0
618,90,9,0,1,0,0,0,0
619,9,90,0,1,0,0,0,0
620,9,20,0,1,0,0,0,0
621,20,9,0,1,0,0,0,0
622,87,31,0,1,0,0,0,0
623,31,87,0,1,0,0,0,0
624,31,61,0,1,0,0,0,0
625,61,31,0,1,0,0,0,0
626,86,83,0,1,0,0,0,0
627,83,86,0,1,0,0,0,0
628,85,13,0,1,0,0,0,0
629,13,85,0,1,0,0,0,0
630,83,84,0,1,0,0,0,0
631,84,83,0,1,0,0,0,0
632,81,59,0,1,0,0,0,0
633,59,81,0,1,0,0,0,0
634,78,63,0,1,0,0,0,0
635,63,78,0,1,0,0,0,0
636,77,53,0,1,0,0,0,0
637,53,77,0,1,0,0,0,0
638,73,58,0,1,0,0,0,0
639,58,73,0,1,0,0,0,0
640,69,16,0,1,0,0,0,0
641,16,69,0,1,0,0,0,0
642,65,54,0,1,0,0,0,0
643,54,65,0,1,0,0,0,0
644,54,69,0,1,0,0,0,0
645,69,54,0,1,0,0,0,0
646,62,14,0,1,0,0,0,0
647,14,62,0,1,0,0,0,0
648,47,43,0,1,0,0,0,0
649,43,47,0,1,0,0,0,0
650,22,50,0,1,0,0,0,0
651,50,22,0,1,0,0,0,0
652,50,71,0,1,0,0,0,0
653,71,50,0,1,0,0,0,0
654,19,81,0,1,0,0,0,0
655,81,19,0,1,0,0,0,0
656,17,5,0,1,0,0,0,0
657,5,17,0,1,0,0,0,0
658,13,55,0,1,0,0,0,0
659,55,13,0,1,0,0,0,0
660,5,28,0,1,0,0,0,0
661,28,5,0,1,0,0,0,0
662,84,8,0,1,0,0,0,0
663,8,84,0,1,0,0,0,0
664,82,19,0,1,0,0,0,0
665,19,82,0,1,0,0,0,0
666,80,87,0,1,0,0,0,0
667,87,80,0,1,0,0,0,0
668,64,45,0,1,0,0,0,0
669,45,64,0,1,0,0,0,0
670,45,56,0,1,0,0,0,0
671,56,45,0,1,0,0,0,0
672,63,12,0,1,0,0,0,0
673,12,63,0,1,0,0,0,0
674,56,86,0,1,0,0,0,0
675,86,56,0,1,0,0,0,0
676,46,27,0,1,0,0,0,0
677,27,46,0,1,0,0,0,0
678,43,82,0,1,0,0,0,0
679,82,43,0,1,0,0,0,0
680,42,74,0,1,0,0,0,0
681,74,42,0,1,0,0,0,0
682,74,72,0,1,0,0,0,0
683,72,74,0,1,0,0,0,0
684,40,64,0,1,0,0,0,0
685,64,40,0,1,0,0,0,0
686,25,89,0,1,0,0,0,0
687,89,25,0,1,0,0,0,0
688,8,49,0,1,0,0,0,0
689,49,8,0,1,0,0,0,0
690,96,0,0,1,0,0,0,0
691,0,96,0,1,0,0,0,0
692,61,67,0,1,0,0,0,0
693,67,61,0,1,0,0,0,0
694,58,96,0,1,0,0,0,0
695,96,58,0,1,0,0,0,0
696,35,99,0,1,0,0,0,0
697,99,35,0,1,0,0,0,0
698,34,2,0,1,0,0,0,0
699,2,34,0,1,0,0,0,0
700,2,38,0,1,0,0,0,0
701,38,2,0,1,0,0,0,0
702,14,37,0,1,0,0,0,0
703,37,14,0,1,0,0,0,0
704,7,40,0,1,0,0,0,0
705,40,7,0,1,0,0,0,0
706,91,41,0,1,0,0,0,0
707,41,91,0,1,0,0,0,0
708,89,1,0,1,0,0,0,0
709,1,89,0,1,0,0,0,0
710,72,57,0,1,0,0,0,0
711,57,72,0,1,0,0,0,0
712,53,44,0,1,0,0,0,0
713,44,53,0,1,0,0,0,0
714,44,25,0,1,0,0,0,0
715,25,44,0,1,0,0,0,0
716,41,80,0,1,0,0,0,0
717,80,41,0,1,0,0,0,0
718,38,52,0,1,0,0,0,0
719,52,38,0,1,0,0,0,0
720,28,68,0,1,0,0,0,0
721,68,28,0,1,0,0,0,0
722,24,4,0,1,0,0,0,0
723,4,24,0,1,0,0,0,0
724,20,92,0,1,0,0,0,0
725,92,20,0,1,0,0,0,0
726,4,91,0,1,0,0,0,0
727,91,4,0,1,0,0,0,0
728,76,24,0,1,0,0,0,0
729,24,76,0,1,0,0,0,0
730,75,29,0,1,0,0,0,0
731,29,75,0,1,0,0,0,0
732,29,34,0,1,0,0,0,0
733,34,29,0,1,0,0,0,0
734,68,62,0,1,0,0,0,0
735,62,68,0,1,0,0,0,0
736,67,75,0,1,0,0,0,0
737,75,67,0,1,0,0,0,0
738,57,66,0,1,0,0,0,0
739,66,57,0,1,0,0,0,0
740,49,48,0,1,0,0,0,0
741,48,49,0,1,0,0,0,0
742,33,22,0,1,0,0,0,0
743,22,33,0,1,0,0,0,0
744,30,65,0,1,0,0,0,0
745,65,30,0,1,0,0,0,0
746,27,77,0,1,0,0,0,0
747,77,27,0,1,0,0,0,0
748,16,79,0,1,0,0,0,0
749,79,16,0,1,0,0,0,0
750,1,6,0,1,0,0,0,0
751,6,1,0,1,0,0,0,0
752,71,39,0,1,0,0,0,0
753,39,71,0,1,0,0,0,0
754,70,90,0,1,0,0,0,0
755,90,70,0,1,0,0,0,0
756,51,18,0,1,0,0,0,0
757,18,51,0,1,0,0,0,0
758,26,42,0,1,0,0,0,0
759,42,26,0,1,0,0,0,0
760,21,94,0,1,0,0,0,0
761,94,21,0,1,0,0,0,0
762,94,30,0,1,0,0,0,0
763,30,94,0,1,0,0,0,0
764,18,93,0,1,0,0,0,0
765,93,18,0,1,0,0,0,0
766,95,33,0,1,0,0,0,0
767,33,95,0,1,0,0,0,0
768,93,23,0,1,0,0,0,0
769,23,93,0,1,0,0,0,0
770,79,97,0,1,0,0,0,0
771,97,79,0,1,0,0,0,0
772,66,26,0,1,0,0,0,0
773,26,66,0,1,0,0,0,0
774,59,7,0,1,0,0,0,0
775,7,59,0,1,0,0,0,0
776,55,51,0,1,0,0,0,0
777,51,55,0,1,0,0,0,0
778,52,17,0,1,0,0,0,0
779,17,52,0,1,0,0,0,0
780,48,98,0,1,0,0,0,0
781,98,48,0,1,0,0,0,0
782,39,10,0,1,0,0,0,0
783,10,39,0,1,0,0,0,0
784,37,15,0,1,0,0,0,0
785,15,37,0,1,0,0,0,0
786,36,76,0,1,0,0,0,0
787,76,36,0,1,0,0,0,0
788,23,21,0,1,0,0,0,0
789,21,23,0,1,0,0,0,0
790,15,85,0,1,0,0,0,0
791,85,15,0,1,0,0,0,0
792,12,36,0,1,0,0,0,0
793,36,12,0,1,0,0,0,0
794,11,95,0,1,0,0,0,0
795,95,11,0,1,0,0,0,0
796,10,47,0,1,0,0,0,0
797,47,10,0,1,0,0,0,0
798,6,78,0,1,0,0,0,0
799,78,6,0,1,0,0,0,0
800,0,73,0,1,0,0,0,0
801,73,0,0,1,0,0,0,0
802,73,81,0,1,0,0,0,0
803,81,73,0,1,0,0,0,0
804,99,2,0,1,0,0,0,0
805,2,99,0,1,0,0,0,0
806,2,77,0,1,0,0,0,0
807,77,2,0,1,0,0,0,0
808,98,10,0,1,0,0,0,0
809,10,98,0,1,0,0,0,0
810,10,42,0,1,0,0,0,0
811,42,10,0,1,0,0,0,0
812,95,30,0,1,0,0,0,0
813,30,95,0,1,0,0,0,0
814,93,1,0,1,0,0,0,0
815,1,93,0,1,0,0,0,0
816,1,24,0,1,0,0,0,0
817,24,1,0,1,0,0,0,0
818,90,6,0,1,0,0,0,0
819,6,90,0,1,0,0,0,0
820,86,12,0,1,0,0,0,0
821,12,86,0,1,0,0,0,0
822,85,45,0,1,0,0,0,0
823,45,85,0,1,0,0,0,0
824,83,32,0,1,0,0,0,0
825,32,83,0,1,0,0,0,0
826,72,13,0,1,0,0,0,0
827,13,72,0,1,0,0,0,0
828,13,90,0,1,0,0,0,0
829,90,13,0,1,0,0,0,0
830,67,18,0,1,0,0,0,0
831,18,67,0,1,0,0,0,0
832,61,99,0,1,0,0,0,0
833,99,61,0,1,0,0,0,0
834,46,34,0,1,0,0,0,0
835,34,46,0,1,0,0,0,0
836,45,50,0,1,0,0,0,0
837,50,45,0,1,0,0,0,0
838,40,16,0,1,0,0,0,0
839,16,40,0,1,0,0,0,0
840,30,0,0,1,0,0,0,0
841,0,30,0,1,0,0,0,0
842,28,95,0,1,0,0,0,0
843,95,28,0,1,0,0,0,0
844,21,68,0,1,0,0,0,0
845,68,21,0,1,0,0,0,0
846,68,40,0,1,0,0,0,0
847,40,68,0,1,0,0,0,0
848,20,15,0,1,0,0,0,0
849,15,20,0,1,0,0,0,0
850,91,89,0,1,0,0,0,0
851,89,91,0,1,0,0,0,0
852,89,8,0,1,0,0,0,0
853,8,89,0,1,0,0,0,0
854,82,65,0,1,0,0,0,0
855,65,82,0,1,0,0,0,0
856,65,20,0,1,0,0,0,0
857,20,65,0,1,0,0,0,0
858,78,27,0,1,0,0,0,0
859,27,78,0,1,0,0,0,0
860,60,82,0,1,0,0,0,0
861,82,60,0,1,0,0,0,0
862,53,84,0,1,0,0,0,0
863,84,53,0,1,0,0,0,0
864,50,7,0,1,0,0,0,0
865,7,50,0,1,0,0,0,0
866,29,88,0,1,0,0,0,0
867,88,29,0,1,0,0,0,0
868,88,4,0,1,0,0,0,0
869,4,88,0,1,0,0,0,0
870,87,78,0,1,0,0,0,0
871,78,87,0,1,0,0,0,0
872,80,67,0,1,0,0,0,0
873,67,80,0,1,0,0,0,0
874,76,33,0,1,0,0,0,0
875,33,76,0,1,0,0,0,0
876,66,43,0,1,0,0,0,0
877,43,66,0,1,0,0,0,0
878,56,63,0,1,0,0,0,0
879,63,56,0,1,0,0,0,0
880,44,59,0,1,0,0,0,0
881,59,44,0,1,0,0,0,0
882,36,22,0,1,0,0,0,0
883,22,36,0,1,0,0,0,0
884,34,51,0,1,0,0,0,0
885,51,34,0,1,0,0,0,0
886,31,74,0,1,0,0,0,0
887,74,31,0,1,0,0,0,0
888,23,55,0,1,0,0,0,0
889,55,23,0,1,0,0,0,0
890,16,41,0,1,0,0,0,0
891,41,16,0,1,0,0,0,0
892,71,23,0,1,0,0,0,0
893,23,71,0,1,0,0,0,0
894,57,44,0,1,0,0,0,0
895,44,57,0,1,0,0,0,0
896,48,57,0,1,0,0,0,0
897,57,48,0,1,0,0,0,0
898,47,11,0,1,0,0,0,0
899,11,47,0,1,0,0,0,0
900,41,62,0,1,0,0,0,0
901,62,41,0,1,0,0,0,0
902,35,48,0,1,0,0,0,0
903,48,35,0,1,0,0,0,0
904,32,91,0,1,0,0,0,0
905,91,32,0,1,0,0,0,0
906,17,69,0,1,0,0,0,0
907,69,17,0,1,0,0,0,0
908,12,38,0,1,0,0,0,0
909,38,12,0,1,0,0,0,0
910,8,52,0,1,0,0,0,0
911,52,8,0,1,0,0,0,0
912,97,70,0,1,0,0,0,0
913,70,97,0,1,0,0,0,0
914,94,87,0,1,0,0,0,0
915,87,94,0,1,0,0,0,0
916,75,71,0,1,0,0,0,0
917,71,75,0,1,0,0,0,0
918,70,47,0,1,0,0,0,0
919,47,70,0,1,0,0,0,0
920,69,83,0,1,0,0,0,0
921,83,69,0,1,0,0,0,0
922,9,72,0,1,0,0,0,0
923,72,9,0,1,0,0,0,0
924,5,21,0,1,0,0,0,0
925,21,5,0,1,0,0,0,0
926,81,58,0,1,0,0,0,0
927,58,81,0,1,0,0,0,0
928,64,93,0,1,0,0,0,0
929,93,64,0,1,0,0,0,0
930,52,26,0,1,0,0,0,0
931,26,52,0,1,0,0,0,0
932,43,64,0,1,0,0,0,0
933,64,43,0,1,0,0,0,0
934,27,66,0,1,0,0,0,0
935,66,27,0,1,0,0,0,0
936,15,19,0,1,0,0,0,0
937,19,15,0,1,0,0,0,0
938,11,76,0,1,0,0,0,0
939,76,11,0,1,0,0,0,0
940,7,3,0,1,0,0,0,0
941,3,7,0,1,0,0,0,0
942,77,85,0,1,0,0,0,0
943,85,77,0,1,0,0,0,0
944,74,5,0,1,0,0,0,0
945,5,74,0,1,0,0,0,0
946,62,25,0,1,0,0,0,0
947,25,62,0,1,0,0,0,0
948,58,75,0,1,0,0,0,0
949,75,58,0,1,0,0,0,0
950,39,96,0,1,0,0,0,0
951,96,39,0,1,0,0,0,0
952,22,31,0,1,0,0,0,0
953,31,22,0,1,0,0,0,0
954,19,56,0,1,0,0,0,0
955,56,19,0,1,0,0,0,0
956,14,17,0,1,0,0,0,0
957,17,14,0,1,0,0,0,0
958,96,35,0,1,0,0,0,0
959,35,96,0,1,0,0,0,0
960,92,28,0,1,0,0,0,0
961,28,92,0,1,0,0,0,0
962,84,94,0,1,0,0,0,0
963,94,84,0,1,0,0,0,0
964,79,37,0,1,0,0,0,0
965,37,79,0,1,0,0,0,0
966,37,98,0,1,0,0,0,0
967,98,37,0,1,0,0,0,0
968,54,97,0,1,0,0,0,0
969,97,54,0,1,0,0,0,0
970,38,79,0,1,0,0,0,0
971,79,38,0,1,0,0,0,0
972,6,80,0,1,0,0,0,0
973,80,6,0,1,0,0,0,0
974,63,60,0,1,0,0,0,0
975,60,63,0,1,0,0,0,0
976,59,14,0,1,0,0,0,0
977,14,59,0,1,0,0,0,0
978,55,36,0,1,0,0,0,0
979,36,55,0,1,0,0,0,0
980,51,92,0,1,0,0,0,0
981,92,51,0,1,0,0,0,0
982,49,46,0,1,0,0,0,0
983,46,49,0,1,0,0,0,0
984,42,29,0,1,0,0,0,0
985,29,42,0,1,0,0,0,0
986,33,39,0,1,0,0,0,0
987,39,33,0,1,0,0,0,0
988,26,86,0,1,0,0,0,0
989,86,26,0,1,0,0,0,0
990,25,53,0,1,0,0,0,0
991,53,25,0,1,0,0,0,0
992,24,9,0,1,0,0,0,0
993,9,24,0,1,0,0,0,0
994,18,61,0,1,0,0,0,0
995,61,18,0,1,0,0,0,0
996,4,49,0,1,0,0,0,0
997,49,4,0,1,0,0,0,0
998,3,54,0,1,0,0,0,0
999,54,3,0,1,0,0,0,0
1000,0,58,0,1,0,0,0,0
1001,58,0,0,1,0,0,0,0
1002,58,29,0,1,0,0,0,0
1003,29,58,0,1,0,0,0,0
1004,99,33,0,1,0,0,0,0
1005,33,99,0,1,0,0,0,0
1006,33,81,0,1,0,0,0,0
1007,81,33,0,1,0,0,0,0
1008,98,44,0,1,0,0,0,0
1009,44,98,0,1,0,0,0,0
1010,97,13,0,1,0,0,0,0
1011,13,97,0,1,0,0,0,0
1012,13,62,0,1,0,0,0,0
1013,62,13,0,1,0,0,0,0
1014,94,96,0,1,0,0,0,0
1015,96,94,0,1,0,0,0,0
1016,96,61,0,1,0,0,0,0
1017,61,96,0,1,0,0,0,0
1018,92,86,0,1,0,0,0,0
1019,86,92,0,1,0,0,0,0
1020,91,70,0,1,0,0,0,0
1021,70,91,0,1,0,0,0,0
1022,89,34,0,1,0,0,0,0
1023,34,89,0,1,0,0,0,0
1024,86,73,0,1,0,0,0,0
1025,73,86,0,1,0,0,0,0
1026,84,66,0,1,0,0,0,0
1027,66,84,0,1,0,0,0,0
1028,66,75,0,1,0,0,0,0
1029,75,66,0,1,0,0,0,0
1030,79,87,0,1,0,0,0,0
1031,87,79,0,1,0,0,0,0
1032,70,98,0,1,0,0,0,0
1033,98,70,0,1,0,0,0,0
1034,64,19,0,1,0,0,0,0
1035,19,64,0,1,0,0,0,0
1036,63,40,0,1,0,0,0,0
1037,40,63,0,1,0,0,0,0
1038,40,2,0,1,0,0,0,0
1039,2,40,0,1,0,0,0,0
1040,19,99,0,1,0,0,0,0
1041,99,19,0,1,0,0,0,0
1042,6,51,0,1,0,0,0,0
1043,51,6,0,1,0,0,0,0
1044,93,91,0,1,0,0,0,0
1045,91,93,0,1,0,0,0,0
1046,87,9,0,1,0,0,0,0
1047,9,87,0,1,0,0,0,0
1048,65,47,0,1,0,0,0,0
1049,47,65,0,1,0,0,0,0
1050,62,63,0,1,0,0,0,0
1051,63,62,0,1,0,0,0,0
1052,52,3,0,1,0,0,0,0
1053,3,52,0,1,0,0,0,0
1054,50,43,0,1,0,0,0,0
1055,43,50,0,1,0,0,0,0
1056,49,36,0,1,0,0,0,0
1057,36,49,0,1,0,0,0,0
1058,36,65,0,1,0,0,0,0
1059,65,36,0,1,0,0,0,0
1060,45,21,0,1,0,0,0,0
1061,21,45,0,1,0,0,0,0
1062,43,23,0,1,0,0,0,0
1063,23,43,0,1,0,0,0,0
1064,16,76,0,1,0,0,0,0
1065,76,16,0,1,0,0,0,0
1066,9,41,0,1,0,0,0,0
1067,41,9,0,1,0,0,0,0
1068,8,24,0,1,0,0,0,0
1069,24,8,0,1,0,0,0,0
1070,3,83,0,1,0,0,0,0
1071,83,3,0,1,0,0,0,0
1072,53,38,0,1,0,0,0,0
1073,38,53,0,1,0,0,0,0
1074,38,77,0,1,0,0,0,0
1075,77,38,0,1,0,0,0,0
1076,37,5,0,1,0,0,0,0
1077,5,37,0,1,0,0,0,0
1078,15,10,0,1,0,0,0,0
1079,10,15,0,1,0,0,0,0
1080,1,80,0,1,0,0,0,0
1081,80,1,0,1,0,0,0,0
1082,88,72,0,1,0,0,0,0
1083,72,88,0,1,0,0,0,0
1084,72,1,0,1,0,0,0,0
1085,1,72,0,1,0,0,0,0
1086,22,59,0,1,0,0,0,0
1087,59,22,0,1,0,0,0,0
1088,59,55,0,1,0,0,0,0
1089,55,59,0,1,0,0,0,0
1090,85,30,0,1,0,0,0,0
1091,30,85,0,1,0,0,0,0
1092,30,26,0,1,0,0,0,0
1093,26,30,0,1,0,0,0,0
1094,83,90,0,1,0,0,0,0
1095,90,83,0,1,0,0,0,0
1096,82,88,0,1,0,0,0,0
1097,88,82,0,1,0,0,0,0
1098,75,52,0,1,0,0,0,0
1099,52,75,0,1,0,0,0,0
1100,61,15,0,1,0,0,0,0
1101,15,61,0,1,0,0,0,0
1102,46,69,0,1,0,0,0,0
1103,69,46,0,1,0,0,0,0
1104,69,82,0,1,0,0,0,0
1105,82,69,0,1,0,0,0,0
1106,11,45,0,1,0,0,0,0
1107,45,11,0,1,0,0,0,0
1108,78,37,0,1,0,0,0,0
1109,37,78,0,1,0,0,0,0
1110,76,18,0,1,0,0,0,0
1111,18,76,0,1,0,0,0,0
1112,71,54,0,1,0,0,0,0
1113,54,71,0,1,0,0,0,0
1114,47,16,0,1,0,0,0,0
1115,16,47,0,1,0,0,0,0
1116,39,20,0,1,0,0,0,0
1117,20,39,0,1,0,0,0,0
1118,34,57,0,1,0,0,0,0
1119,57,34,0,1,0,0,0,0
1120,31,35,0,1,0,0,0,0
1121,35,31,0,1,0,0,0,0
1122,25,50,0,1,0,0,0,0
1123,50,25,0,1,0,0,0,0
1124,24,78,0,1,0,0,0,0
1125,78,24,0,1,0,0,0,0
1126,20,85,0,1,0,0,0,0
1127,85,20,0,1,0,0,0,0
1128,90,12,0,1,0,0,0,0
1129,12,90,0,1,0,0,0,0
1130,74,14,0,1,0,0,0,0
1131,14,74,0,1,0,0,0,0
1132,14,64,0,1,0,0,0,0
1133,64,14,0,1,0,0,0,0
1134,73,71,0,1,0,0,0,0
1135,71,73,0,1,0,0,0,0
1136,68,4,0,1,0,0,0,0
1137,4,68,0,1,0,0,0,0
1138,4,7,0,1,0,0,0,0
1139,7,4,0,1,0,0,0,0
1140,67,93,0,1,0,0,0,0
1141,93,67,0,1,0,0,0,0
1142,35,92,0,1,0,0,0,0
1143,92,35,0,1,0,0,0,0
1144,26,79,0,1,0,0,0,0
1145,79,26,0,1,0,0,0,0
1146,7,68,0,1,0,0,0,0
1147,68,7,0,1,0,0,0,0
1148,95,32,0,1,0,0,0,0
1149,32,95,0,1,0,0,0,0
1150,80,74,0,1,0,0,0,0
1151,74,80,0,1,0,0,0,0
1152,44,46,0,1,0,0,0,0
1153,46,44,0,1,0,0,0,0
1154,81,95,0,1,0,0,0,0
1155,95,81,0,1,0,0,0,0
1156,77,84,0,1,0,0,0,0
1157,84,77,0,1,0,0,0,0
1158,57,17,0,1,0,0,0,0
1159,17,57,0,1,0,0,0,0
1160,54,67,0,1,0,0,0,0
1161,67,54,0,1,0,0,0,0
1162,51,60,0,1,0,0,0,0
1163,60,51,0,1,0,0,0,0
1164,29,31,0,1,0,0,0,0
1165,31,29,0,1,0,0,0,0
1166,10,89,0,1,0,0,0,0
1167,89,10,0,1,0,0,0,0
1168,48,39,0,1,0,0,0,0
1169,39,48,0,1,0,0,0,0
1170,42,27,0,1,0,0,0,0
1171,27,42,0,1,0,0,0,0
1172,32,53,0,1,0,0,0,0
1173,53,32,0,1,0,0,0,0
1174,27,48,0,1,0,0,0,0
1175,48,27,0,1,0,0,0,0
1176,21,97,0,1,0,0,0,0
1177,97,21,0,1,0,0,0,0
1178,5,6,0,1,0,0,0,0
1179,6,5,0,1,0,0,0,0
1180,60,0,0,1,0,0,0,0
1181,0,60,0,1,0,0,0,0
1182,56,22,0,1,0,0,0,0
1183,22,56,0,1,0,0,0,0
1184,55,42,0,1,0,0,0,0
1185,42,55,0,1,0,0,0,0
1186,41,8,0,1,0,0,0,0
1187,8,41,0,1,0,0,0,0
1188,28,56,0,1,0,0,0,0
1189,56,28,0,1,0,0,0,0
1190,23,11,0,1,0,0,0,0
1191,11,23,0,1,0,0,0,0
1192,18,28,0,1,0,0,0,0
1193,28,18,0,1,0,0,0,0
1194,17,94,0,1,0,0,0,0
1195,94,17,0,1,0,0,0,0
1196,12,49,0,1,0,0,0,0
1197,49,12,0,1,0,0,0,0
1198,2,25,0,1,0,0,0,0
1199,25,2,0,1,0,0,0,0
1200,0,95,0,1,0,0,0,0
1201,95,0,0,1,0,0,0,0
1202,95,78,0,1,0,0,0,0
1203,78,95,0,1,0,0,0,0
1204,99,23,0,1,0,0,0,0
1205,23,99,0,1,0,0,0,0
1206,23,61,0,1,0,0,0,0
1207,61,23,0,1,0,0,0,0
1208,94,4,0,1,0,0,0,0
1209,4,94,0,1,0,0,0,0
1210,4,63,0,1,0,0,0,0
1211,63,4,0,1,0,0,0,0
1212,92,49,0,1,0,0,0,0
1213,49,92,0,1,0,0,0,0
1214,90,35,0,1,0,0,0,0
1215,35,90,0,1,0,0,0,0
1216,35,29,0,1,0,0,0,0
1217,29,35,0,1,0,0,0,0
1218,89,18,0,1,0,0,0,0
1219,18,89,0,1,0,0,0,0
1220,86,28,0,1,0,0,0,0
1221,28,86,0,1,0,0,0,0
1222,79,60,0,1,0,0,0,0
1223,60,79,0,1,0,0,0,0
1224,77,76,0,1,0,0,0,0
1225,76,77,0,1,0,0,0,0
1226,74,88,0,1,0,0,0,0
1227,88,74,0,1,0,0,0,0
1228,50,3,0,1,0,0,0,0
1229,3,50,0,1,0,0,0,0
1230,45,62,0,1,0,0,0,0
1231,62,45,0,1,0,0,0,0
1232,62,12,0,1,0,0,0,0
1233,12,62,0,1,0,0,0,0
1234,26,45,0,1,0,0,0,0
1235,45,26,0,1,0,0,0,0
1236,17,82,0,1,0,0,0,0
1237,82,17,0,1,0,0,0,0
1238,3,92,0,1,0,0,0,0
1239,92,3,0,1,0,0,0,0
1240,97,10,0,1,0,0,0,0
1241,10,97,0,1,0,0,0,0
1242,78,75,0,1,0,0,0,0
1243,75,78,0,1,0,0,0,0
1244,73,14,0,1,0,0,0,0
1245,14,73,0,1,0,0,0,0
1246,14,1,0,1,0,0,0,0
1247,1,14,0,1,0,0,0,0
1248,57,53,0,1,0,0,0,0
1249,53,57,0,1,0,0,0,0
1250,53,99,0,1,0,0,0,0
1251,99,53,0,1,0,0,0,0
1252,27,31,0,1,0,0,0,0
1253,31,27,0,1,0,0,0,0
1254,10,83,0,1,0,0,0,0
1255,83,10,0,1,0,0,0,0
1256,9,19,0,1,0,0,0,0
1257,19,9,0,1,0,0,0,0
1258,55,64,0,1,0,0,0,0
1259,64,55,0,1,0,0,0,0
1260,44,43,0,1,0,0,0,0
1261,43,44,0,1,0,0,0,0
1262,30,66,0,1,0,0,0,0
1263,66,30,0,1,0,0,0,0
1264,22,67,0,1,0,0,0,0
1265,67,22,0,1,0,0,0,0
1266,20,58,0,1,0,0,0,0
1267,58,20,0,1,0,0,0,0
1268,1,55,0,1,0,0,0,0
1269,55,1,0,1,0,0,0,0
1270,69,20,0,1,0,0,0,0
1271,20,69,0,1,0,0,0,0
1272,68,93,0,1,0,0,0,0
1273,93,68,0,1,0,0,0,0
1274,46,70,0,1,0,0,0,0
1275,70,46,0,1,0,0,0,0
1276,40,57,0,1,0,0,0,0
1277,57,40,0,1,0,0,0,0
1278,16,89,0,1,0,0,0,0
1279,89,16,0,1,0,0,0,0
1280,7,27,0,1,0,0,0,0
1281,27,7,0,1,0,0,0,0
1282,96,65,0,1,0,0,0,0
1283,65,96,0,1,0,0,0,0
1284,65,37,0,1,0,0,0,0
1285,37,65,0,1,0,0,0,0
1286,76,97,0,1,0,0,0,0
1287,97,76,0,1,0,0,0,0
1288,60,96,0,1,0,0,0,0
1289,96,60,0,1,0,0,0,0
1290,41,86,0,1,0,0,0,0
1291,86,41,0,1,0,0,0,0
1292,38,5,0,1,0,0,0,0
1293,5,38,0,1,0,0,0,0
1294,33,36,0,1,0,0,0,0
1295,36,33,0,1,0,0,0,0
1296,8,69,0,1,0,0,0,0
1297,69,8,0,1,0,0,0,0
1298,85,46,0,1,0,0,0,0
1299,46,85,0,1,0,0,0,0
1300,80,47,0,1,0,0,0,0
1301,47,80,0,1,0,0,0,0
1302,52,84,0,1,0,0,0,0
1303,84,52,0,1,0,0,0,0
1304,84,71,0,1,0,0,0,0
1305,71,84,0,1,0,0,0,0
1306,42,21,0,1,0,0,0,0
1307,21,42,0,1,0,0,0,0
1308,37,7,0,1,0,0,0,0
1309,7,37,0,1,0,0,0,0
1310,31,24,0,1,0,0,0,0
1311,24,31,0,1,0,0,0,0
1312,88,85,0,1,0,0,0,0
1313,85,88,0,1,0,0,0,0
1314,81,98,0,1,0,0,0,0
1315,98,81,0,1,0,0,0,0
1316,71,13,0,1,0,0,0,0
1317,13,71,0,1,0,0,0,0
1318,29,79,0,1,0,0,0,0
1319,79,29,0,1,0,0,0,0
1320,21,81,0,1,0,0,0,0
1321,81,21,0,1,0,0,0,0
1322,5,26,0,1,0,0,0,0
1323,26,5,0,1,0,0,0,0
1324,67,91,0,1,0,0,0,0
1325,91,67,0,1,0,0,0,0
1326,51,48,0,1,0,0,0,0
1327,48,51,0,1,0,0,0,0
1328,47,90,0,1,0,0,0,0
1329,90,47,0,1,0,0,0,0
1330,34,50,0,1,0,0,0,0
1331,50,34,0,1,0,0,0,0
1332,2,33,0,1,0,0,0,0
1333,33,2,0,1,0,0,0,0
1334,87,73,0,1,0,0,0,0
1335,73,87,0,1,0,0,0,0
1336,63,25,0,1,0,0,0,0
1337,25,63,0,1,0,0,0,0
1338,24,40,0,1,0,0,0,0
1339,40,24,0,1,0,0,0,0
1340,19,32,0,1,0,0,0,0
1341,32,19,0,1,0,0,0,0
1342,75,8,0,1,0,0,0,0
1343,8,75,0,1,0,0,0,0
1344,72,77,0,1,0,0,0,0
1345,77,72,0,1,0,0,0,0
1346,59,30,0,1,0,0,0,0
1347,30,59,0,1,0,0,0,0
1348,48,16,0,1,0,0,0,0
1349,16,48,0,1,0,0,0,0
1350,43,38,0,1,0,0,0,0
1351,38,43,0,1,0,0,0,0
1352,25,94,0,1,0,0,0,0
1353,94,25,0,1,0,0,0,0
1354,6,56,0,1,0,0,0,0
1355,56,6,0,1,0,0,0,0
1356,98,59,0,1,0,0,0,0
1357,59,98,0,1,0,0,0,0
1358,83,74,0,1,0,0,0,0
1359,74,83,0,1,0,0,0,0
1360,64,52,0,1,0,0,0,0
1361,52,64,0,1,0,0,0,0
1362,61,11,0,1,0,0,0,0
1363,11,61,0,1,0,0,0,0
1364,58,80,0,1,0,0,0,0
1365,80,58,0,1,0,0,0,0
1366,56,72,0,1,0,0,0,0
1367,72,56,0,1,0,0,0,0
1368,93,87,0,1,0,0,0,0
1369,87,93,0,1,0,0,0,0
1370,91,68,0,1,0,0,0,0
1371,68,91,0,1,0,0,0,0
1372,82,54,0,1,0,0,0,0
1373,54,82,0,1,0,0,0,0
1374,54,42,0,1,0,0,0,0
1375,42,54,0,1,0,0,0,0
1376,36,51,0,1,0,0,0,0
1377,51,36,0,1,0,0,0,0
1378,15,34,0,1,0,0,0,0
1379,34,15,0,1,0,0,0,0
1380,11,0,0,1,0,0,0,0
1381,0,11,0,1,0,0,0,0
1382,70,39,0,1,0,0,0,0
1383,39,70,0,1,0,0,0,0
1384,66,15,0,1,0,0,0,0
1385,15,66,0,1,0,0,0,0
1386,49,2,0,1,0,0,0,0
1387,2,49,0,1,0,0,0,0
1388,39,9,0,1,0,0,0,0
1389,9,39,0,1,0,0,0,0
1390,32,44,0,1,0,0,0,0
1391,44,32,0,1,0,0,0,0
1392,28,41,0,1,0,0,0,0
1393,41,28,0,1,0,0,0,0
1394,18,6,0,1,0,0,0,0
1395,6,18,0,1,0,0,0,0
1396,13,22,0,1,0,0,0,0
1397,22,13,0,1,0,0,0,0
1398,12,17,0,1,0,0,0,0
1399,17,12,0,1,0,0,0,0
1400,0,8,0,1,0,0,0,0
1401,8,0,0,1,0,0,0,0
1402,8,53,0,1,0,0,0,0
1403,53,8,0,1,0,0,0,0
1404,98,1,0,1,0,0,0,0
1405,1,98,0,1,0,0,0,0
1406,1,63,0,1,0,0,0,0
1407,63,1,0,1,0,0,0,0
1408,97,94,0,1,0,0,0,0
1409,94,97,0,1,0,0,0,0
1410,94,35,0,1,0,0,0,0
1411,35,94,0,1,0,0,0,0
1412,95,42,0,1,0,0,0,0
1413,42,95,0,1,0,0,0,0
1414,42,32,0,1,0,0,0,0
1415,32,42,0,1,0,0,0,0
1416,86,61,0,1,0,0,0,0
1417,61,86,0,1,0,0,0,0
1418,82,72,0,1,0,0,0,0
1419,72,82,0,1,0,0,0,0
1420,81,27,0,1,0,0,0,0
1421,27,81,0,1,0,0,0,0
1422,76,3,0,1,0,0,0,0
1423,3,76,0,1,0,0,0,0
1424,65,84,0,1,0,0,0,0
1425,84,65,0,1,0,0,0,0
1426,64,91,0,1,0,0,0,0
1427,91,64,0,1,0,0,0,0
1428,61,20,0,1,0,0,0,0
1429,20,61,0,1,0,0,0,0
1430,47,71,0,1,0,0,0,0
1431,71,47,0,1,0,0,0,0
1432,43,10,0,1,0,0,0,0
1433,10,43,0,1,0,0,0,0
1434,37,9,0,1,0,0,0,0
1435,9,37,0,1,0,0,0,0
1436,2,43,0,1,0,0,0,0
1437,43,2,0,1,0,0,0,0
1438,51,98,0,1,0,0,0,0
1439,98,51,0,1,0,0,0,0
1440,49,47,0,1,0,0,0,0
1441,47,49,0,1,0,0,0,0
1442,45,36,0,1,0,0,0,0
1443,36,45,0,1,0,0,0,0
1444,36,80,0,1,0,0,0,0
1445,80,36,0,1,0,0,0,0
1446,28,17,0,1,0,0,0,0
1447,17,28,0,1,0,0,0,0
1448,27,55,0,1,0,0,0,0
1449,55,27,0,1,0,0,0,0
1450,17,23,0,1,0,0,0,0
1451,23,17,0,1,0,0,0,0
1452,3,15,0,1,0,0,0,0
1453,15,3,0,1,0,0,0,0
1454,91,38,0,1,0,0,0,0
1455,38,91,0,1,0,0,0,0
1456,88,28,0,1,0,0,0,0
1457,28,88,0,1,0,0,0,0
1458,75,49,0,1,0,0,0,0
1459,49,75,0,1,0,0,0,0
1460,35,87,0,1,0,0,0,0
1461,87,35,0,1,0,0,0,0
1462,6,75,0,1,0,0,0,0
1463,75,6,0,1,0,0,0,0
1464,96,56,0,1,0,0,0,0
1465,56,96,0,1,0,0,0,0
1466,74,16,0,1,0,0,0,0
1467,16,74,0,1,0,0,0,0
1468,16,44,0,1,0,0,0,0
1469,44,16,0,1,0,0,0,0
1470,38,97,0,1,0,0,0,0
1471,97,38,0,1,0,0,0,0
1472,9,6,0,1,0,0,0,0
1473,6,9,0,1,0,0,0,0
1474,69,99,0,1,0,0,0,0
1475,99,69,0,1,0,0,0,0
1476,63,64,0,1,0,0,0,0
1477,64,63,0,1,0,0,0,0
1478,62,59,0,1,0,0,0,0
1479,59,62,0,1,0,0,0,0
1480,60,92,0,1,0,0,0,0
1481,92,60,0,1,0,0,0,0
1482,50,66,0,1,0,0,0,0
1483,66,50,0,1,0,0,0,0
1484,73,93,0,1,0,0,0,0
1485,93,73,0,1,0,0,0,0
1486,59,41,0,1,0,0,0,0
1487,41,59,0,1,0,0,0,0
1488,56,46,0,1,0,0,0,0
1489,46,56,0,1,0,0,0,0
1490,33,67,0,1,0,0,0,0
1491,67,33,0,1,0,0,0,0
1492,26,33,0,1,0,0,0,0
1493,33,26,0,1,0,0,0,0
1494,84,13,0,1,0,0,0,0
1495,13,84,0,1,0,0,0,0
1496,83,39,0,1,0,0,0,0
1497,39,83,0,1,0,0,0,0
1498,58,18,0,1,0,0,0,0
1499,18,58,0,1,0,0,0,0
1500,44,95,0,1,0,0,0,0
1501,95,44,0,1,0,0,0,0
1502,34,30,0,1,0,0,0,0
1503,30,34,0,1,0,0,0,0
1504,24,12,0,1,0,0,0,0
1505,12,24,0,1,0,0,0,0
1506,21,0,0,1,0,0,0,0
1507,0,21,0,1,0,0,0,0
1508,13,14,0,1,0,0,0,0
1509,14,13,0,1,0,0,0,0
1510,68,78,0,1,0,0,0,0
1511,78,68,0,1,0,0,0,0
1512,78,79,0,1,0,0,0,0
1513,79,78,0,1,0,0,0,0
1514,52,19,0,1,0,0,0,0
1515,19,52,0,1,0,0,0,0
1516,41,45,0,1,0,0,0,0
1517,45,41,0,1,0,0,0,0
1518,39,85,0,1,0,0,0,0
1519,85,39,0,1,0,0,0,0
1520,12,21,0,1,0,0,0,0
1521,21,12,0,1,0,0,0,0
1522,92,74,0,1,0,0,0,0
1523,74,92,0,1,0,0,0,0
1524,79,83,0,1,0,0,0,0
1525,83,79,0,1,0,0,0,0
1526,71,22,0,1,0,0,0,0
1527,22,71,0,1,0,0,0,0
1528,55,68,0,1,0,0,0,0
1529,68,55,0,1,0,0,0,0
1530,29,82,0,1,0,0,0,0
1531,82,29,0,1,0,0,0,0
1532,53,24,0,1,0,0,0,0
1533,24,53,0,1,0,0,0,0
1534,46,52,0,1,0,0,0,0
1535,52,46,0,1,0,0,0,0
1536,25,73,0,1,0,0,0,0
1537,73,25,0,1,0,0,0,0
1538,23,4,0,1,0,0,0,0
1539,4,23,0,1,0,0,0,0
1540,20,96,0,1,0,0,0,0
1541,96,20,0,1,0,0,0,0
1542,99,76,0,1,0,0,0,0
1543,76,99,0,1,0,0,0,0
1544,30,40,0,1,0,0,0,0
1545,40,30,0,1,0,0,0,0
1546,22,70,0,1,0,0,0,0
1547,70,22,0,1,0,0,0,0
1548,15,2,0,1,0,0,0,0
1549,2,15,0,1,0,0,0,0
1550,4,5,0,1,0,0,0,0
1551,5,4,0,1,0,0,0,0
1552,87,90,0,1,0,0,0,0
1553,90,87,0,1,0,0,0,0
1554,85,51,0,1,0,0,0,0
1555,51,85,0,1,0,0,0,0
1556,80,50,0,1,0,0,0,0
1557,50,80,0,1,0,0,0,0
1558,72,62,0,1,0,0,0,0
1559,62,72,0,1,0,0,0,0
1560,54,57,0,1,0,0,0,0
1561,57,54,0,1,0,0,0,0
1562,57,11,0,1,0,0,0,0
1563,11,57,0,1,0,0,0,0
1564,89,77,0,1,0,0,0,0
1565,77,89,0,1,0,0,0,0
1566,77,37,0,1,0,0,0,0
1567,37,77,0,1,0,0,0,0
1568,70,29,0,1,0,0,0,0
1569,29,70,0,1,0,0,0,0
1570,19,60,0,1,0,0,0,0
1571,60,19,0,1,0,0,0,0
1572,18,65,0,1,0,0,0,0
1573,65,18,0,1,0,0,0,0
1574,93,86,0,1,0,0,0,0
1575,86,93,0,1,0,0,0,0
1576,90,31,0,1,0,0,0,0
1577,31,90,0,1,0,0,0,0
1578,67,58,0,1,0,0,0,0
1579,58,67,0,1,0,0,0,0
1580,66,69,0,1,0,0,0,0
1581,69,66,0,1,0,0,0,0
1582,40,34,0,1,0,0,0,0
1583,34,40,0,1,0,0,0,0
1584,10,54,0,1,0,0,0,0
1585,54,10,0,1,0,0,0,0
1586,5,7,0,1,0,0,0,0
1587,7,5,0,1,0,0,0,0
1588,48,89,0,1,0,0,0,0
1589,89,48,0,1,0,0,0,0
1590,32,25,0,1,0,0,0,0
1591,25,32,0,1,0,0,0,0
1592,31,26,0,1,0,0,0,0
1593,26,31,0,1,0,0,0,0
1594,14,48,0,1,0,0,0,0
1595,48,14,0,1,0,0,0,0
1596,11,81,0,1,0,0,0,0
1597,81,11,0,1,0,0,0,0
1598,7,88,0,1,0,0,0,0
1599,88,7,0,1,0,0,0,0
1600,0,31,0,1,0,0,0,0
1601,31,0,0,1,0,0,0,0
1602,31,68,0,1,0,0,0,0
1603,68,31,0,1,0,0,0,0
1604,99,29,0,1,0,0,0,0
1605,29,99,0,1,0,0,0,0
1606,98,73,0,1,0,0,0,0
1607,73,98,0,1,0,0,0,0
1608,73,77,0,1,0,0,0,0
1609,77,73,0,1,0,0,0,0
1610,95,53,0,1,0,0,0,0
1611,53,95,0,1,0,0,0,0
1612,92,80,0,1,0,0,0,0
1613,80,92,0,1,0,0,0,0
1614,80,22,0,1,0,0,0,0
1615,22,80,0,1,0,0,0,0
1616,69,72,0,1,0,0,0,0
1617,72,69,0,1,0,0,0,0
1618,72,67,0,1,0,0,0,0
1619,67,72,0,1,0,0,0,0
1620,66,49,0,1,0,0,0,0
1621,49,66,0,1,0,0,0,0
1622,65,33,0,1,0,0,0,0
1623,33,65,0,1,0,0,0,0
1624,64,1,0,1,0,0,0,0
1625,1,64,0,1,0,0,0,0
1626,60,70,0,1,0,0,0,0
1627,70,60,0,1,0,0,0,0
1628,53,13,0,1,0,0,0,0
1629,13,53,0,1,0,0,0,0
1630,49,34,0,1,0,0,0,0
1631,34,49,0,1,0,0,0,0
1632,43,5,0,1,0,0,0,0
1633,5,43,0,1,0,0,0,0
1634,5,45,0,1,0,0,0,0
1635,45,5,0,1,0,0,0,0
1636,3,28,0,1,0,0,0,0
1637,28,3,0,1,0,0,0,0
1638,96,92,0,1,0,0,0,0
1639,92,96,0,1,0,0,0,0
1640,79,51,0,1,0,0,0,0
1641,51,79,0,1,0,0,0,0
1642,70,4,0,1,0,0,0,0
1643,4,70,0,1,0,0,0,0
1644,59,97,0,1,0,0,0,0
1645,97,59,0,1,0,0,0,0
1646,52,87,0,1,0,0,0,0
1647,87,52,0,1,0,0,0,0
1648,45,79,0,1,0,0,0,0
1649,79,45,0,1,0,0,0,0
1650,40,60,0,1,0,0,0,0
1651,60,40,0,1,0,0,0,0
1652,34,12,0,1,0,0,0,0
1653,12,34,0,1,0,0,0,0
1654,28,75,0,1,0,0,0,0
1655,75,28,0,1,0,0,0,0
1656,25,21,0,1,0,0,0,0
1657,21,25,0,1,0,0,0,0
1658,75,14,0,1,0,0,0,0
1659,14,75,0,1,0,0,0,0
1660,44,27,0,1,0,0,0,0
1661,27,44,0,1,0,0,0,0
1662,33,78,0,1,0,0,0,0
1663,78,33,0,1,0,0,0,0
1664,16,19,0,1,0,0,0,0
1665,19,16,0,1,0,0,0,0
1666,19,38,0,1,0,0,0,0
1667,38,19,0,1,0,0,0,0
1668,14,52,0,1,0,0,0,0
1669,52,14,0,1,0,0,0,0
1670,89,69,0,1,0,0,0,0
1671,69,89,0,1,0,0,0,0
1672,39,99,0,1,0,0,0,0
1673,99,39,0,1,0,0,0,0
1674,15,35,0,1,0,0,0,0
1675,35,15,0,1,0,0,0,0
1676,12,88,0,1,0,0,0,0
1677,88,12,0,1,0,0,0,0
1678,11,37,0,1,0,0,0,0
1679,37,11,0,1,0,0,0,0
1680,10,81,0,1,0,0,0,0
1681,81,10,0,1,0,0,0,0
1682,1,11,0,1,0,0,0,0
1683,11,1,0,1,0,0,0,0
1684,42,76,0,1,0,0,0,0
1685,76,42,0,1,0,0,0,0
1686,35,40,0,1,0,0,0,0
1687,40,35,0,1,0,0,0,0
1688,20,59,0,1,0,0,0,0
1689,59,20,0,1,0,0,0,0
1690,91,36,0,1,0,0,0,0
1691,36,91,0,1,0,0,0,0
1692,47,30,0,1,0,0,0,0
1693,30,47,0,1,0,0,0,0
1694,4,25,0,1,0,0,0,0
1695,25,4,0,1,0,0,0,0
1696,90,3,0,1,0,0,0,0
1697,3,90,0,1,0,0,0,0
1698,86,94,0,1,0,0,0,0
1699,94,86,0,1,0,0,0,0
1700,71,10,0,1,0,0,0,0
1701,10,71,0,1,0,0,0,0
1702,51,17,0,1,0,0,0,0
1703,17,51,0,1,0,0,0,0
1704,13,56,0,1,0,0,0,0
1705,56,13,0,1,0,0,0,0
1706,93,74,0,1,0,0,0,0
1707,74,93,0,1,0,0,0,0
1708,78,71,0,1,0,0,0,0
1709,71,78,0,1,0,0,0,0
1710,41,98,0,1,0,0,0,0
1711,98,41,0,1,0,0,0,0
1712,30,16,0,1,0,0,0,0
1713,16,30,0,1,0,0,0,0
1714,27,90,0,1,0,0,0,0
1715,90,27,0,1,0,0,0,0
1716,18,82,0,1,0,0,0,0
1717,82,18,0,1,0,0,0,0
1718,68,95,0,1,0,0,0,0
1719,95,68,0,1,0,0,0,0
1720,67,48,0,1,0,0,0,0
1721,48,67,0,1,0,0,0,0
1722,58,93,0,1,0,0,0,0
1723,93,58,0,1,0,0,0,0
1724,55,63,0,1,0,0,0,0
1725,63,55,0,1,0,0,0,0
1726,21,8,0,1,0,0,0,0
1727,8,21,0,1,0,0,0,0
1728,9,43,0,1,0,0,0,0
1729,43,9,0,1,0,0,0,0
1730,8,2,0,1,0,0,0,0
1731,2,8,0,1,0,0,0,0
1732,94,57,0,1,0,0,0,0
1733,57,94,0,1,0,0,0,0
1734,61,39,0,1,0,0,0,0
1735,39,61,0,1,0,0,0,0
1736,29,83,0,1,0,0,0,0
1737,83,29,0,1,0,0,0,0
1738,77,91,0,1,0,0,0,0
1739,91,77,0,1,0,0,0,0
1740,63,46,0,1,0,0,0,0
1741,46,63,0,1,0,0,0,0
1742,57,50,0,1,0,0,0,0
1743,50,57,0,1,0,0,0,0
1744,97,20,0,1,0,0,0,0
1745,20,97,0,1,0,0,0,0
1746,83,42,0,1,0,0,0,0
1747,42,83,0,1,0,0,0,0
1748,56,47,0,1,0,0,0,0
1749,47,56,0,1,0,0,0,0
1750,50,6,0,1,0,0,0,0
1751,6,50,0,1,0,0,0,0
1752,37,44,0,1,0,0,0,0
1753,44,37,0,1,0,0,0,0
1754,23,64,0,1,0,0,0,0
1755,64,23,0,1,0,0,0,0
1756,6,65,0,1,0,0,0,0
1757,65,6,0,1,0,0,0,0
1758,87,84,0,1,0,0,0,0
1759,84,87,0,1,0,0,0,0
1760,76,96,0,1,0,0,0,0
1761,96,76,0,1,0,0,0,0
1762,2,61,0,1,0,0,0,0
1763,61,2,0,1,0,0,0,0
1764,88,26,0,1,0,0,0,0
1765,26,88,0,1,0,0,0,0
1766,84,58,0,1,0,0,0,0
1767,58,84,0,1,0,0,0,0
1768,82,66,0,1,0,0,0,0
1769,66,82,0,1,0,0,0,0
1770,62,54,0,1,0,0,0,0
1771,54,62,0,1,0,0,0,0
1772,54,55,0,1,0,0,0,0
1773,55,54,0,1,0,0,0,0
1774,46,0,0,1,0,0,0,0
1775,0,46,0,1,0,0,0,0
1776,17,85,0,1,0,0,0,0
1777,85,17,0,1,0,0,0,0
1778,85,7,0,1,0,0,0,0
1779,7,85,0,1,0,0,0,0
1780,81,24,0,1,0,0,0,0
1781,24,81,0,1,0,0,0,0
1782,48,62,0,1,0,0,0,0
1783,62,48,0,1,0,0,0,0
1784,26,18,0,1,0,0,0,0
1785,18,26,0,1,0,0,0,0
1786,24,15,0,1,0,0,0,0
1787,15,24,0,1,0,0,0,0
1788,74,41,0,1,0,0,0,0
1789,41,74,0,1,0,0,0,0
1790,38,9,0,1,0,0,0,0
1791,9,38,0,1,0,0,0,0
1792,36,23,0,1,0,0,0,0
1793,23,36,0,1,0,0,0,0
1794,32,86,0,1,0,0,0,0
1795,86,32,0,1,0,0,0,0
1796,22,32,0,1,0,0,0,0
1797,32,22,0,1,0,0,0,0
1798,7,89,0,1,0,0,0,0
1799,89,7,0,1,0,0,0,0
