0 1 20
1.1 2.2 0.3 , 1.2 0.3 , 1.3 0.4 , 1.1 4.2 4.3 0.4 , 0.1 1.2 , 0.1 4.2 1.3 , 0.1 4.2 4.3 1.4 , 0.2 4.3 1.4 , 0.3 2.4 3.3 4.2 1.1 , 0.3 3.4 2.3 2.2 1.1 , 0.3 3.4 2.3 1.2 , 0.1 4.2 3.3 3.4 2.3 2.2 1.1 , 0.1 4.2 3.3 3.4 2.3 1.2 , 0.2 3.3 4.2 1.1 , 0.2 3.3 3.4 2.3 2.2 1.1 , 0.2 3.3 3.4 2.3 1.2 , 0.2 3.3 4.4 1.3 , 0.1 4.2 1.1 , 0.1 4.2 4.3 4.4 1.3 , 0.2 4.3 4.4 1.3 , 
0 2 26
2.1 0.2 , 2.2 0.3 , 2.2 1.3 0.4 , 2.1 3.2 4.3 0.4 , 0.1 1.2 2.3 , 0.1 4.2 3.3 2.4 , 0.2 3.3 2.4 , 0.3 2.4 , 0.1 1.2 1.3 1.4 2.3 , 0.1 1.2 1.3 2.2 , 0.1 1.2 1.3 1.4 4.3 3.2 2.1 , 0.1 4.2 1.3 1.4 2.3 , 0.1 4.2 1.3 2.2 , 0.1 4.2 4.3 1.4 2.3 , 0.2 4.3 1.4 2.3 , 0.3 3.4 2.3 , 0.1 4.2 3.3 3.4 2.3 , 0.2 3.3 3.4 2.3 , 0.1 4.2 4.3 3.2 2.1 , 0.1 4.2 4.3 4.4 1.3 2.2 , 0.1 4.2 4.3 4.4 3.3 3.2 2.1 , 0.2 4.3 3.2 2.1 , 0.2 4.3 4.4 1.3 2.2 , 0.2 4.3 4.4 3.3 3.2 2.1 , 0.1 1.2 1.3 4.4 3.3 3.2 2.1 , 0.2 3.3 4.4 1.3 2.2 , 
0 3 29
3.1 0.2 , 3.1 2.2 0.3 , 3.1 2.2 1.3 0.4 , 3.2 4.3 0.4 , 0.1 4.2 3.3 , 0.2 3.3 , 0.1 1.2 2.3 3.4 , 0.3 3.4 , 0.1 1.2 1.3 1.4 2.3 2.2 3.1 , 0.1 1.2 1.3 1.4 2.3 3.2 , 0.1 1.2 1.3 2.2 3.1 , 0.1 1.2 1.3 1.4 4.3 3.2 , 0.1 4.2 1.3 1.4 2.3 2.2 3.1 , 0.1 4.2 1.3 1.4 2.3 3.2 , 0.1 4.2 1.3 2.2 3.1 , 0.1 4.2 4.3 1.4 2.3 2.2 3.1 , 0.1 4.2 4.3 1.4 2.3 3.2 , 0.2 4.3 1.4 2.3 2.2 3.1 , 0.2 4.3 1.4 2.3 3.2 , 0.3 2.4 3.3 , 0.1 1.2 2.3 3.2 , 0.1 1.2 2.3 2.4 3.3 , 0.1 4.2 4.3 3.2 , 0.1 4.2 4.3 4.4 1.3 2.2 3.1 , 0.1 4.2 4.3 4.4 3.3 , 0.2 4.3 3.2 , 0.2 4.3 4.4 1.3 2.2 3.1 , 0.2 4.3 4.4 3.3 , 0.1 1.2 1.3 4.4 3.3 , 
0 4 20
4.1 1.2 0.3 , 4.1 1.2 1.3 0.4 , 4.2 1.3 0.4 , 4.3 0.4 , 0.1 4.2 , 0.2 4.3 , 0.1 1.2 1.3 4.4 , 0.2 3.3 4.4 , 0.1 1.2 4.1 , 0.1 1.2 1.3 1.4 2.3 3.2 4.1 , 0.1 1.2 1.3 1.4 4.3 , 0.1 1.2 1.3 4.2 , 0.3 2.4 3.3 3.2 4.1 , 0.3 2.4 3.3 4.2 , 0.1 1.2 2.3 3.2 4.1 , 0.1 1.2 2.3 2.4 3.3 3.2 4.1 , 0.1 1.2 2.3 2.4 3.3 4.2 , 0.3 3.4 2.3 1.2 4.1 , 0.2 3.3 4.2 , 0.2 3.3 3.4 2.3 1.2 4.1 , 
1 2 22
2.2 1.3 , 2.1 3.2 4.3 1.4 , 2.1 0.2 4.3 1.4 , 2.3 1.4 , 1.1 2.2 , 1.2 2.3 , 1.1 4.2 3.3 2.4 , 1.2 0.3 2.4 , 1.2 0.3 2.2 , 1.2 0.3 0.4 4.3 3.2 2.1 , 1.3 0.4 4.3 3.2 2.1 , 1.1 4.2 3.3 3.4 0.3 0.2 2.1 , 1.1 4.2 3.3 0.2 2.1 , 1.1 4.2 3.3 3.4 0.3 2.2 , 1.1 4.2 3.3 3.4 2.3 , 1.2 0.3 3.4 2.3 , 1.1 4.2 4.3 4.4 3.3 0.2 2.1 , 1.1 4.2 4.3 3.2 2.1 , 1.1 4.2 4.3 0.2 2.1 , 1.1 4.2 4.3 4.4 3.3 3.2 2.1 , 1.3 4.4 3.3 0.2 2.1 , 1.3 4.4 3.3 3.2 2.1 , 
1 3 26
3.1 2.2 1.3 , 3.2 4.3 1.4 , 3.1 0.2 4.3 1.4 , 3.1 2.2 2.3 1.4 , 3.2 2.3 1.4 , 1.1 4.2 3.3 , 1.1 2.2 2.3 3.4 , 1.2 2.3 3.4 , 1.1 2.2 0.3 3.4 , 1.2 0.3 3.4 , 1.1 2.2 0.3 0.4 4.3 3.2 , 1.2 0.3 0.4 4.3 3.2 , 1.2 0.3 2.2 3.1 , 1.3 0.4 4.3 3.2 , 1.2 0.3 2.4 3.3 , 1.1 2.2 3.1 , 1.1 2.2 2.3 3.2 , 1.1 2.2 2.3 2.4 3.3 , 1.1 2.2 2.3 2.4 0.3 0.2 3.1 , 1.2 2.3 3.2 , 1.2 2.3 2.4 3.3 , 1.2 2.3 2.4 0.3 0.2 3.1 , 1.1 4.2 4.3 4.4 3.3 , 1.1 4.2 4.3 3.2 , 1.1 4.2 4.3 0.2 3.1 , 1.3 4.4 3.3 , 
1 4 17
4.1 1.2 , 4.2 1.3 , 4.3 1.4 , 4.1 3.2 2.3 1.4 , 1.1 4.2 , 1.3 4.4 , 1.1 2.2 0.3 0.4 4.3 , 1.3 0.4 4.3 , 1.2 0.3 0.4 4.3 , 1.1 2.2 2.3 3.2 4.1 , 1.1 2.2 2.3 2.4 3.3 3.2 4.1 , 1.1 2.2 2.3 2.4 3.3 4.2 , 1.2 2.3 3.2 4.1 , 1.2 2.3 2.4 3.3 3.2 4.1 , 1.2 2.3 2.4 3.3 4.2 , 1.2 0.3 2.4 3.3 3.2 4.1 , 1.2 0.3 2.4 3.3 4.2 , 
2 3 20
3.1 2.2 , 3.2 2.3 , 3.3 2.4 , 3.1 0.2 0.3 2.4 , 2.1 3.2 , 2.1 0.2 3.3 , 2.3 3.4 , 2.1 0.2 0.3 3.4 , 2.2 0.3 3.4 , 2.1 0.2 3.1 , 2.1 0.2 0.3 0.4 4.3 3.2 , 2.2 0.3 0.4 4.3 3.2 , 2.2 1.3 0.4 4.3 3.2 , 2.3 1.4 4.3 0.2 3.1 , 2.3 1.4 4.3 3.2 , 2.2 1.3 1.4 4.3 0.2 3.1 , 2.2 1.3 1.4 4.3 3.2 , 2.1 0.2 4.3 4.4 3.3 , 2.1 0.2 4.3 3.2 , 2.2 1.3 4.4 3.3 , 
2 4 27
4.1 1.2 2.3 , 4.1 3.2 2.3 , 4.1 3.2 3.3 2.4 , 4.2 3.3 2.4 , 4.1 1.2 0.3 2.4 , 2.1 3.2 4.3 , 2.1 0.2 4.3 , 2.2 1.3 4.4 , 2.1 3.2 3.3 4.4 , 2.1 0.2 3.3 4.4 , 2.1 0.2 0.3 0.4 4.3 , 2.1 0.2 0.3 1.2 4.1 , 2.1 0.2 0.3 0.4 1.3 1.2 4.1 , 2.1 0.2 0.3 0.4 1.3 4.2 , 2.2 0.3 0.4 4.3 , 2.2 0.3 1.2 4.1 , 2.2 0.3 0.4 1.3 1.2 4.1 , 2.2 0.3 0.4 1.3 4.2 , 2.2 1.3 0.4 4.3 , 2.3 1.4 4.3 , 2.2 1.3 4.2 , 2.2 1.3 1.4 4.3 , 2.1 3.2 3.3 3.4 0.3 1.2 4.1 , 2.1 3.2 4.1 , 2.1 3.2 3.3 4.2 , 2.1 0.2 3.3 4.2 , 2.3 3.4 0.3 1.2 4.1 , 
3 4 26
4.1 3.2 , 4.2 3.3 , 4.1 1.2 2.3 3.4 , 4.1 1.2 0.3 3.4 , 3.2 4.3 , 3.1 0.2 4.3 , 3.1 2.2 1.3 4.4 , 3.3 4.4 , 3.1 0.2 0.3 0.4 4.3 , 3.1 0.2 0.3 1.2 4.1 , 3.1 0.2 0.3 0.4 1.3 1.2 4.1 , 3.1 0.2 0.3 0.4 1.3 4.2 , 3.1 2.2 0.3 0.4 4.3 , 3.1 2.2 0.3 1.2 4.1 , 3.1 2.2 0.3 0.4 1.3 1.2 4.1 , 3.1 2.2 0.3 0.4 1.3 4.2 , 3.1 2.2 1.3 0.4 4.3 , 3.1 2.2 2.3 1.4 4.3 , 3.1 2.2 1.3 4.2 , 3.1 2.2 1.3 1.4 4.3 , 3.2 2.3 1.4 4.3 , 3.1 2.2 2.3 1.2 4.1 , 3.1 2.2 2.3 2.4 0.3 1.2 4.1 , 3.3 2.4 0.3 1.2 4.1 , 3.2 2.3 1.2 4.1 , 3.2 2.3 2.4 0.3 1.2 4.1 , 
