LinkID,SourceID,DestinationID,PeerID,Cost,Bandwidth,Delay,SRLGNum,SRLGs
0,0,183,0,1,0,0,0,0
1,183,0,0,1,0,0,0,0
2,183,69,0,1,0,0,0,0
3,69,183,0,1,0,0,0,0
4,199,164,0,1,0,0,0,0
5,164,199,0,1,0,0,0,0
6,164,167,0,1,0,0,0,0
7,167,164,0,1,0,0,0,0
8,198,20,0,1,0,0,0,0
9,20,198,0,1,0,0,0,0
10,20,161,0,1,0,0,0,0
11,161,20,0,1,0,0,0,0
12,197,40,0,1,0,0,0,0
13,40,197,0,1,0,0,0,0
14,40,88,0,1,0,0,0,0
15,88,40,0,1,0,0,0,0
16,196,108,0,1,0,0,0,0
17,108,196,0,1,0,0,0,0
18,108,73,0,1,0,0,0,0
19,73,108,0,1,0,0,0,0
20,195,109,0,1,0,0,0,0
21,109,195,0,1,0,0,0,0
22,109,33,0,1,0,0,0,0
23,33,109,0,1,0,0,0,0
24,194,79,0,1,0,0,0,0
25,79,194,0,1,0,0,0,0
26,79,143,0,1,0,0,0,0
27,143,79,0,1,0,0,0,0
28,193,23,0,1,0,0,0,0
29,23,193,0,1,0,0,0,0
30,23,58,0,1,0,0,0,0
31,58,23,0,1,0,0,0,0
32,192,81,0,1,0,0,0,0
33,81,192,0,1,0,0,0,0
34,81,32,0,1,0,0,0,0
35,32,81,0,1,0,0,0,0
36,191,44,0,1,0,0,0,0
37,44,191,0,1,0,0,0,0
38,44,75,0,1,0,0,0,0
39,75,44,0,1,0,0,0,0
40,190,101,0,1,0,0,0,0
41,101,190,0,1,0,0,0,0
42,101,146,0,1,0,0,0,0
43,146,101,0,1,0,0,0,0
44,189,131,0,1,0,0,0,0
45,131,189,0,1,0,0,0,0
46,131,111,0,1,0,0,0,0
47,111,131,0,1,0,0,0,0
48,188,106,0,1,0,0,0,0
49,106,188,0,1,0,0,0,0
50,106,83,0,1,0,0,0,0
51,83,106,0,1,0,0,0,0
52,187,53,0,1,0,0,0,0
53,53,187,0,1,0,0,0,0
54,53,54,0,1,0,0,0,0
55,54,53,0,1,0,0,0,0
56,186,42,0,1,0,0,0,0
57,42,186,0,1,0,0,0,0
58,42,176,0,1,0,0,0,0
59,176,42,0,1,0,0,0,0
60,185,199,0,1,0,0,0,0
61,199,185,0,1,0,0,0,0
62,184,159,0,1,0,0,0,0
63,159,184,0,1,0,0,0,0
64,159,154,0,1,0,0,0,0
65,154,159,0,1,0,0,0,0
66,182,148,0,1,0,0,0,0
67,148,182,0,1,0,0,0,0
68,148,18,0,1,0,0,0,0
69,18,148,0,1,0,0,0,0
70,181,16,0,1,0,0,0,0
71,16,181,0,1,0,0,0,0
72,16,38,0,1,0,0,0,0
73,38,16,0,1,0,0,0,0
74,180,48,0,1,0,0,0,0
75,48,180,0,1,0,0,0,0
76,48,115,0,1,0,0,0,0
77,115,48,0,1,0,0,0,0
78,179,112,0,1,0,0,0,0
79,112,179,0,1,0,0,0,0
80,112,21,0,1,0,0,0,0
81,21,112,0,1,0,0,0,0
82,178,162,0,1,0,0,0,0
83,162,178,0,1,0,0,0,0
84,162,89,0,1,0,0,0,0
85,89,162,0,1,0,0,0,0
86,177,110,0,1,0,0,0,0
87,110,177,0,1,0,0,0,0
88,110,185,0,1,0,0,0,0
89,185,110,0,1,0,0,0,0
90,176,80,0,1,0,0,0,0
91,80,176,0,1,0,0,0,0
92,175,19,0,1,0,0,0,0
93,19,175,0,1,0,0,0,0
94,19,171,0,1,0,0,0,0
95,171,19,0,1,0,0,0,0
96,174,45,0,1,0,0,0,0
97,45,174,0,1,0,0,0,0
98,45,186,0,1,0,0,0,0
99,186,45,0,1,0,0,0,0
100,173,133,0,1,0,0,0,0
101,133,173,0,1,0,0,0,0
102,133,46,0,1,0,0,0,0
103,46,133,0,1,0,0,0,0
104,172,31,0,1,0,0,0,0
105,31,172,0,1,0,0,0,0
106,31,70,0,1,0,0,0,0
107,70,31,0,1,0,0,0,0
108,171,96,0,1,0,0,0,0
109,96,171,0,1,0,0,0,0
110,170,150,0,1,0,0,0,0
111,150,170,0,1,0,0,0,0
112,150,67,0,1,0,0,0,0
113,67,150,0,1,0,0,0,0
114,169,76,0,1,0,0,0,0
115,76,169,0,1,0,0,0,0
116,76,197,0,1,0,0,0,0
117,197,76,0,1,0,0,0,0
118,168,84,0,1,0,0,0,0
119,84,168,0,1,0,0,0,0
120,84,127,0,1,0,0,0,0
121,127,84,0,1,0,0,0,0
122,167,193,0,1,0,0,0,0
123,193,167,0,1,0,0,0,0
124,166,174,0,1,0,0,0,0
125,174,166,0,1,0,0,0,0
126,165,10,0,1,0,0,0,0
127,10,165,0,1,0,0,0,0
128,10,196,0,1,0,0,0,0
129,196,10,0,1,0,0,0,0
130,163,57,0,1,0,0,0,0
131,57,163,0,1,0,0,0,0
132,57,29,0,1,0,0,0,0
133,29,57,0,1,0,0,0,0
134,161,117,0,1,0,0,0,0
135,117,161,0,1,0,0,0,0
136,160,39,0,1,0,0,0,0
137,39,160,0,1,0,0,0,0
138,39,91,0,1,0,0,0,0
139,91,39,0,1,0,0,0,0
140,158,0,0,1,0,0,0,0
141,0,158,0,1,0,0,0,0
142,157,182,0,1,0,0,0,0
143,182,157,0,1,0,0,0,0
144,156,126,0,1,0,0,0,0
145,126,156,0,1,0,0,0,0
146,126,7,0,1,0,0,0,0
147,7,126,0,1,0,0,0,0
148,155,173,0,1,0,0,0,0
149,173,155,0,1,0,0,0,0
150,154,191,0,1,0,0,0,0
151,191,154,0,1,0,0,0,0
152,153,137,0,1,0,0,0,0
153,137,153,0,1,0,0,0,0
154,137,123,0,1,0,0,0,0
155,123,137,0,1,0,0,0,0
156,152,129,0,1,0,0,0,0
157,129,152,0,1,0,0,0,0
158,129,175,0,1,0,0,0,0
159,175,129,0,1,0,0,0,0
160,151,163,0,1,0,0,0,0
161,163,151,0,1,0,0,0,0
162,149,113,0,1,0,0,0,0
163,113,149,0,1,0,0,0,0
164,113,82,0,1,0,0,0,0
165,82,113,0,1,0,0,0,0
166,147,138,0,1,0,0,0,0
167,138,147,0,1,0,0,0,0
168,138,179,0,1,0,0,0,0
169,179,138,0,1,0,0,0,0
170,146,141,0,1,0,0,0,0
171,141,146,0,1,0,0,0,0
172,145,166,0,1,0,0,0,0
173,166,145,0,1,0,0,0,0
174,144,77,0,1,0,0,0,0
175,77,144,0,1,0,0,0,0
176,77,22,0,1,0,0,0,0
177,22,77,0,1,0,0,0,0
178,143,128,0,1,0,0,0,0
179,128,143,0,1,0,0,0,0
180,142,63,0,1,0,0,0,0
181,63,142,0,1,0,0,0,0
182,63,24,0,1,0,0,0,0
183,24,63,0,1,0,0,0,0
184,141,65,0,1,0,0,0,0
185,65,141,0,1,0,0,0,0
186,140,14,0,1,0,0,0,0
187,14,140,0,1,0,0,0,0
188,14,28,0,1,0,0,0,0
189,28,14,0,1,0,0,0,0
190,139,120,0,1,0,0,0,0
191,120,139,0,1,0,0,0,0
192,120,121,0,1,0,0,0,0
193,121,120,0,1,0,0,0,0
194,136,4,0,1,0,0,0,0
195,4,136,0,1,0,0,0,0
196,4,178,0,1,0,0,0,0
197,178,4,0,1,0,0,0,0
198,135,195,0,1,0,0,0,0
199,195,135,0,1,0,0,0,0
200,134,43,0,1,0,0,0,0
201,43,134,0,1,0,0,0,0
202,43,103,0,1,0,0,0,0
203,103,43,0,1,0,0,0,0
204,132,160,0,1,0,0,0,0
205,160,132,0,1,0,0,0,0
206,130,8,0,1,0,0,0,0
207,8,130,0,1,0,0,0,0
208,8,92,0,1,0,0,0,0
209,92,8,0,1,0,0,0,0
210,128,122,0,1,0,0,0,0
211,122,128,0,1,0,0,0,0
212,127,157,0,1,0,0,0,0
213,157,127,0,1,0,0,0,0
214,125,124,0,1,0,0,0,0
215,124,125,0,1,0,0,0,0
216,124,47,0,1,0,0,0,0
217,47,124,0,1,0,0,0,0
218,123,55,0,1,0,0,0,0
219,55,123,0,1,0,0,0,0
220,122,118,0,1,0,0,0,0
221,118,122,0,1,0,0,0,0
222,121,198,0,1,0,0,0,0
223,198,121,0,1,0,0,0,0
224,119,99,0,1,0,0,0,0
225,99,119,0,1,0,0,0,0
226,99,6,0,1,0,0,0,0
227,6,99,0,1,0,0,0,0
228,118,78,0,1,0,0,0,0
229,78,118,0,1,0,0,0,0
230,117,90,0,1,0,0,0,0
231,90,117,0,1,0,0,0,0
232,116,41,0,1,0,0,0,0
233,41,116,0,1,0,0,0,0
234,41,147,0,1,0,0,0,0
235,147,41,0,1,0,0,0,0
236,115,194,0,1,0,0,0,0
237,194,115,0,1,0,0,0,0
238,114,152,0,1,0,0,0,0
239,152,114,0,1,0,0,0,0
240,111,142,0,1,0,0,0,0
241,142,111,0,1,0,0,0,0
242,107,35,0,1,0,0,0,0
243,35,107,0,1,0,0,0,0
244,35,37,0,1,0,0,0,0
245,37,35,0,1,0,0,0,0
246,105,62,0,1,0,0,0,0
247,62,105,0,1,0,0,0,0
248,62,2,0,1,0,0,0,0
249,2,62,0,1,0,0,0,0
250,104,25,0,1,0,0,0,0
251,25,104,0,1,0,0,0,0
252,25,56,0,1,0,0,0,0
253,56,25,0,1,0,0,0,0
254,103,49,0,1,0,0,0,0
255,49,103,0,1,0,0,0,0
256,102,169,0,1,0,0,0,0
257,169,102,0,1,0,0,0,0
258,100,119,0,1,0,0,0,0
259,119,100,0,1,0,0,0,0
260,98,68,0,1,0,0,0,0
261,68,98,0,1,0,0,0,0
262,68,64,0,1,0,0,0,0
263,64,68,0,1,0,0,0,0
264,97,15,0,1,0,0,0,0
265,15,97,0,1,0,0,0,0
266,15,189,0,1,0,0,0,0
267,189,15,0,1,0,0,0,0
268,96,95,0,1,0,0,0,0
269,95,96,0,1,0,0,0,0
270,95,71,0,1,0,0,0,0
271,71,95,0,1,0,0,0,0
272,94,36,0,1,0,0,0,0
273,36,94,0,1,0,0,0,0
274,36,156,0,1,0,0,0,0
275,156,36,0,1,0,0,0,0
276,93,136,0,1,0,0,0,0
277,136,93,0,1,0,0,0,0
278,92,98,0,1,0,0,0,0
279,98,92,0,1,0,0,0,0
280,91,52,0,1,0,0,0,0
281,52,91,0,1,0,0,0,0
282,90,100,0,1,0,0,0,0
283,100,90,0,1,0,0,0,0
284,89,114,0,1,0,0,0,0
285,114,89,0,1,0,0,0,0
286,88,104,0,1,0,0,0,0
287,104,88,0,1,0,0,0,0
288,87,61,0,1,0,0,0,0
289,61,87,0,1,0,0,0,0
290,61,27,0,1,0,0,0,0
291,27,61,0,1,0,0,0,0
292,86,72,0,1,0,0,0,0
293,72,86,0,1,0,0,0,0
294,72,130,0,1,0,0,0,0
295,130,72,0,1,0,0,0,0
296,85,165,0,1,0,0,0,0
297,165,85,0,1,0,0,0,0
298,83,59,0,1,0,0,0,0
299,59,83,0,1,0,0,0,0
300,82,192,0,1,0,0,0,0
301,192,82,0,1,0,0,0,0
302,80,30,0,1,0,0,0,0
303,30,80,0,1,0,0,0,0
304,78,12,0,1,0,0,0,0
305,12,78,0,1,0,0,0,0
306,75,11,0,1,0,0,0,0
307,11,75,0,1,0,0,0,0
308,74,170,0,1,0,0,0,0
309,170,74,0,1,0,0,0,0
310,73,155,0,1,0,0,0,0
311,155,73,0,1,0,0,0,0
312,71,190,0,1,0,0,0,0
313,190,71,0,1,0,0,0,0
314,70,151,0,1,0,0,0,0
315,151,70,0,1,0,0,0,0
316,69,149,0,1,0,0,0,0
317,149,69,0,1,0,0,0,0
318,67,13,0,1,0,0,0,0
319,13,67,0,1,0,0,0,0
320,66,145,0,1,0,0,0,0
321,145,66,0,1,0,0,0,0
322,65,102,0,1,0,0,0,0
323,102,65,0,1,0,0,0,0
324,64,139,0,1,0,0,0,0
325,139,64,0,1,0,0,0,0
326,60,66,0,1,0,0,0,0
327,66,60,0,1,0,0,0,0
328,59,86,0,1,0,0,0,0
329,86,59,0,1,0,0,0,0
330,58,134,0,1,0,0,0,0
331,134,58,0,1,0,0,0,0
332,56,50,0,1,0,0,0,0
333,50,56,0,1,0,0,0,0
334,55,3,0,1,0,0,0,0
335,3,55,0,1,0,0,0,0
336,54,9,0,1,0,0,0,0
337,9,54,0,1,0,0,0,0
338,52,187,0,1,0,0,0,0
339,187,52,0,1,0,0,0,0
340,51,94,0,1,0,0,0,0
341,94,51,0,1,0,0,0,0
342,50,17,0,1,0,0,0,0
343,17,50,0,1,0,0,0,0
344,49,168,0,1,0,0,0,0
345,168,49,0,1,0,0,0,0
346,47,5,0,1,0,0,0,0
347,5,47,0,1,0,0,0,0
348,46,180,0,1,0,0,0,0
349,180,46,0,1,0,0,0,0
350,38,125,0,1,0,0,0,0
351,125,38,0,1,0,0,0,0
352,37,188,0,1,0,0,0,0
353,188,37,0,1,0,0,0,0
354,34,1,0,1,0,0,0,0
355,1,34,0,1,0,0,0,0
356,1,153,0,1,0,0,0,0
357,153,1,0,1,0,0,0,0
358,33,140,0,1,0,0,0,0
359,140,33,0,1,0,0,0,0
360,32,107,0,1,0,0,0,0
361,107,32,0,1,0,0,0,0
362,30,132,0,1,0,0,0,0
363,132,30,0,1,0,0,0,0
364,29,172,0,1,0,0,0,0
365,172,29,0,1,0,0,0,0
366,28,51,0,1,0,0,0,0
367,51,28,0,1,0,0,0,0
368,27,26,0,1,0,0,0,0
369,26,27,0,1,0,0,0,0
370,26,85,0,1,0,0,0,0
371,85,26,0,1,0,0,0,0
372,24,105,0,1,0,0,0,0
373,105,24,0,1,0,0,0,0
374,22,184,0,1,0,0,0,0
375,184,22,0,1,0,0,0,0
376,21,135,0,1,0,0,0,0
377,135,21,0,1,0,0,0,0
378,18,116,0,1,0,0,0,0
379,116,18,0,1,0,0,0,0
380,17,74,0,1,0,0,0,0
381,74,17,0,1,0,0,0,0
382,13,158,0,1,0,0,0,0
383,158,13,0,1,0,0,0,0
384,12,181,0,1,0,0,0,0
385,181,12,0,1,0,0,0,0
386,11,34,0,1,0,0,0,0
387,34,11,0,1,0,0,0,0
388,9,93,0,1,0,0,0,0
389,93,9,0,1,0,0,0,0
390,7,177,0,1,0,0,0,0
391,177,7,0,1,0,0,0,0
392,6,144,0,1,0,0,0,0
393,144,6,0,1,0,0,0,0
394,5,97,0,1,0,0,0,0
395,97,5,0,1,0,0,0,0
396,3,87,0,1,0,0,0,0
397,87,3,0,1,0,0,0,0
398,2,60,0,1,0,0,0,0
399,60,2,0,1,0,0,0,0
400,0,120,0,1,0,0,0,0
401,120,0,0,1,0,0,0,0
402,120,13,0,1,0,0,0,0
403,13,120,0,1,0,0,0,0
404,199,152,0,1,0,0,0,0
405,152,199,0,1,0,0,0,0
406,152,47,0,1,0,0,0,0
407,47,152,0,1,0,0,0,0
408,198,196,0,1,0,0,0,0
409,196,198,0,1,0,0,0,0
410,196,38,0,1,0,0,0,0
411,38,196,0,1,0,0,0,0
412,197,6,0,1,0,0,0,0
413,6,197,0,1,0,0,0,0
414,6,78,0,1,0,0,0,0
415,78,6,0,1,0,0,0,0
416,195,27,0,1,0,0,0,0
417,27,195,0,1,0,0,0,0
418,27,65,0,1,0,0,0,0
419,65,27,0,1,0,0,0,0
420,194,106,0,1,0,0,0,0
421,106,194,0,1,0,0,0,0
422,106,89,0,1,0,0,0,0
423,89,106,0,1,0,0,0,0
424,193,14,0,1,0,0,0,0
425,14,193,0,1,0,0,0,0
426,14,22,0,1,0,0,0,0
427,22,14,0,1,0,0,0,0
428,192,159,0,1,0,0,0,0
429,159,192,0,1,0,0,0,0
430,159,129,0,1,0,0,0,0
431,129,159,0,1,0,0,0,0
432,191,101,0,1,0,0,0,0
433,101,191,0,1,0,0,0,0
434,101,158,0,1,0,0,0,0
435,158,101,0,1,0,0,0,0
436,189,186,0,1,0,0,0,0
437,186,189,0,1,0,0,0,0
438,186,136,0,1,0,0,0,0
439,136,186,0,1,0,0,0,0
440,187,124,0,1,0,0,0,0
441,124,187,0,1,0,0,0,0
442,185,150,0,1,0,0,0,0
443,150,185,0,1,0,0,0,0
444,150,56,0,1,0,0,0,0
445,56,150,0,1,0,0,0,0
446,183,163,0,1,0,0,0,0
447,163,183,0,1,0,0,0,0
448,163,55,0,1,0,0,0,0
449,55,163,0,1,0,0,0,0
450,182,178,0,1,0,0,0,0
451,178,182,0,1,0,0,0,0
452,178,180,0,1,0,0,0,0
453,180,178,0,1,0,0,0,0
454,181,50,0,1,0,0,0,0
455,50,181,0,1,0,0,0,0
456,180,60,0,1,0,0,0,0
457,60,180,0,1,0,0,0,0
458,179,4,0,1,0,0,0,0
459,4,179,0,1,0,0,0,0
460,177,135,0,1,0,0,0,0
461,135,177,0,1,0,0,0,0
462,135,9,0,1,0,0,0,0
463,9,135,0,1,0,0,0,0
464,176,90,0,1,0,0,0,0
465,90,176,0,1,0,0,0,0
466,90,37,0,1,0,0,0,0
467,37,90,0,1,0,0,0,0
468,174,72,0,1,0,0,0,0
469,72,174,0,1,0,0,0,0
470,72,79,0,1,0,0,0,0
471,79,72,0,1,0,0,0,0
472,173,69,0,1,0,0,0,0
473,69,173,0,1,0,0,0,0
474,69,107,0,1,0,0,0,0
475,107,69,0,1,0,0,0,0
476,172,197,0,1,0,0,0,0
477,197,172,0,1,0,0,0,0
478,171,105,0,1,0,0,0,0
479,105,171,0,1,0,0,0,0
480,105,97,0,1,0,0,0,0
481,97,105,0,1,0,0,0,0
482,169,134,0,1,0,0,0,0
483,134,169,0,1,0,0,0,0
484,134,168,0,1,0,0,0,0
485,168,134,0,1,0,0,0,0
486,168,44,0,1,0,0,0,0
487,44,168,0,1,0,0,0,0
488,167,91,0,1,0,0,0,0
489,91,167,0,1,0,0,0,0
490,91,172,0,1,0,0,0,0
491,172,91,0,1,0,0,0,0
492,166,39,0,1,0,0,0,0
493,39,166,0,1,0,0,0,0
494,165,71,0,1,0,0,0,0
495,71,165,0,1,0,0,0,0
496,71,177,0,1,0,0,0,0
497,177,71,0,1,0,0,0,0
498,164,169,0,1,0,0,0,0
499,169,164,0,1,0,0,0,0
500,161,94,0,1,0,0,0,0
501,94,161,0,1,0,0,0,0
502,94,185,0,1,0,0,0,0
503,185,94,0,1,0,0,0,0
504,157,0,0,1,0,0,0,0
505,0,157,0,1,0,0,0,0
506,156,171,0,1,0,0,0,0
507,171,156,0,1,0,0,0,0
508,155,131,0,1,0,0,0,0
509,131,155,0,1,0,0,0,0
510,131,179,0,1,0,0,0,0
511,179,131,0,1,0,0,0,0
512,153,195,0,1,0,0,0,0
513,195,153,0,1,0,0,0,0
514,148,175,0,1,0,0,0,0
515,175,148,0,1,0,0,0,0
516,175,108,0,1,0,0,0,0
517,108,175,0,1,0,0,0,0
518,147,154,0,1,0,0,0,0
519,154,147,0,1,0,0,0,0
520,154,87,0,1,0,0,0,0
521,87,154,0,1,0,0,0,0
522,145,128,0,1,0,0,0,0
523,128,145,0,1,0,0,0,0
524,128,95,0,1,0,0,0,0
525,95,128,0,1,0,0,0,0
526,142,141,0,1,0,0,0,0
527,141,142,0,1,0,0,0,0
528,141,16,0,1,0,0,0,0
529,16,141,0,1,0,0,0,0
530,137,190,0,1,0,0,0,0
531,190,137,0,1,0,0,0,0
532,133,166,0,1,0,0,0,0
533,166,133,0,1,0,0,0,0
534,132,73,0,1,0,0,0,0
535,73,132,0,1,0,0,0,0
536,127,126,0,1,0,0,0,0
537,126,127,0,1,0,0,0,0
538,126,8,0,1,0,0,0,0
539,8,126,0,1,0,0,0,0
540,124,52,0,1,0,0,0,0
541,52,124,0,1,0,0,0,0
542,119,122,0,1,0,0,0,0
543,122,119,0,1,0,0,0,0
544,122,198,0,1,0,0,0,0
545,198,122,0,1,0,0,0,0
546,116,114,0,1,0,0,0,0
547,114,116,0,1,0,0,0,0
548,115,86,0,1,0,0,0,0
549,86,115,0,1,0,0,0,0
550,113,117,0,1,0,0,0,0
551,117,113,0,1,0,0,0,0
552,117,35,0,1,0,0,0,0
553,35,117,0,1,0,0,0,0
554,104,121,0,1,0,0,0,0
555,121,104,0,1,0,0,0,0
556,103,99,0,1,0,0,0,0
557,99,103,0,1,0,0,0,0
558,99,164,0,1,0,0,0,0
559,164,99,0,1,0,0,0,0
560,98,189,0,1,0,0,0,0
561,189,98,0,1,0,0,0,0
562,97,46,0,1,0,0,0,0
563,46,97,0,1,0,0,0,0
564,88,67,0,1,0,0,0,0
565,67,88,0,1,0,0,0,0
566,87,26,0,1,0,0,0,0
567,26,87,0,1,0,0,0,0
568,86,54,0,1,0,0,0,0
569,54,86,0,1,0,0,0,0
570,82,194,0,1,0,0,0,0
571,194,82,0,1,0,0,0,0
572,81,11,0,1,0,0,0,0
573,11,81,0,1,0,0,0,0
574,11,20,0,1,0,0,0,0
575,20,11,0,1,0,0,0,0
576,80,155,0,1,0,0,0,0
577,155,80,0,1,0,0,0,0
578,78,191,0,1,0,0,0,0
579,191,78,0,1,0,0,0,0
580,74,5,0,1,0,0,0,0
581,5,74,0,1,0,0,0,0
582,70,30,0,1,0,0,0,0
583,30,70,0,1,0,0,0,0
584,30,160,0,1,0,0,0,0
585,160,30,0,1,0,0,0,0
586,68,41,0,1,0,0,0,0
587,41,68,0,1,0,0,0,0
588,41,63,0,1,0,0,0,0
589,63,41,0,1,0,0,0,0
590,64,19,0,1,0,0,0,0
591,19,64,0,1,0,0,0,0
592,63,181,0,1,0,0,0,0
593,181,63,0,1,0,0,0,0
594,60,81,0,1,0,0,0,0
595,81,60,0,1,0,0,0,0
596,55,21,0,1,0,0,0,0
597,21,55,0,1,0,0,0,0
598,33,102,0,1,0,0,0,0
599,102,33,0,1,0,0,0,0
600,23,76,0,1,0,0,0,0
601,76,23,0,1,0,0,0,0
602,22,193,0,1,0,0,0,0
603,193,22,0,1,0,0,0,0
604,18,32,0,1,0,0,0,0
605,32,18,0,1,0,0,0,0
606,8,33,0,1,0,0,0,0
607,33,8,0,1,0,0,0,0
608,1,110,0,1,0,0,0,0
609,110,1,0,1,0,0,0,0
610,190,113,0,1,0,0,0,0
611,113,190,0,1,0,0,0,0
612,170,182,0,1,0,0,0,0
613,182,170,0,1,0,0,0,0
614,160,83,0,1,0,0,0,0
615,83,160,0,1,0,0,0,0
616,151,173,0,1,0,0,0,0
617,173,151,0,1,0,0,0,0
618,144,62,0,1,0,0,0,0
619,62,144,0,1,0,0,0,0
620,62,119,0,1,0,0,0,0
621,119,62,0,1,0,0,0,0
622,139,153,0,1,0,0,0,0
623,153,139,0,1,0,0,0,0
624,138,170,0,1,0,0,0,0
625,170,138,0,1,0,0,0,0
626,136,34,0,1,0,0,0,0
627,34,136,0,1,0,0,0,0
628,123,85,0,1,0,0,0,0
629,85,123,0,1,0,0,0,0
630,85,161,0,1,0,0,0,0
631,161,85,0,1,0,0,0,0
632,121,145,0,1,0,0,0,0
633,145,121,0,1,0,0,0,0
634,114,12,0,1,0,0,0,0
635,12,114,0,1,0,0,0,0
636,111,100,0,1,0,0,0,0
637,100,111,0,1,0,0,0,0
638,110,93,0,1,0,0,0,0
639,93,110,0,1,0,0,0,0
640,100,167,0,1,0,0,0,0
641,167,100,0,1,0,0,0,0
642,95,45,0,1,0,0,0,0
643,45,95,0,1,0,0,0,0
644,92,162,0,1,0,0,0,0
645,162,92,0,1,0,0,0,0
646,162,140,0,1,0,0,0,0
647,140,162,0,1,0,0,0,0
648,84,130,0,1,0,0,0,0
649,130,84,0,1,0,0,0,0
650,130,187,0,1,0,0,0,0
651,187,130,0,1,0,0,0,0
652,83,66,0,1,0,0,0,0
653,66,83,0,1,0,0,0,0
654,79,184,0,1,0,0,0,0
655,184,79,0,1,0,0,0,0
656,77,49,0,1,0,0,0,0
657,49,77,0,1,0,0,0,0
658,49,64,0,1,0,0,0,0
659,64,49,0,1,0,0,0,0
660,76,183,0,1,0,0,0,0
661,183,76,0,1,0,0,0,0
662,73,137,0,1,0,0,0,0
663,137,73,0,1,0,0,0,0
664,67,109,0,1,0,0,0,0
665,109,67,0,1,0,0,0,0
666,58,132,0,1,0,0,0,0
667,132,58,0,1,0,0,0,0
668,57,51,0,1,0,0,0,0
669,51,57,0,1,0,0,0,0
670,51,74,0,1,0,0,0,0
671,74,51,0,1,0,0,0,0
672,56,43,0,1,0,0,0,0
673,43,56,0,1,0,0,0,0
674,54,104,0,1,0,0,0,0
675,104,54,0,1,0,0,0,0
676,50,58,0,1,0,0,0,0
677,58,50,0,1,0,0,0,0
678,48,61,0,1,0,0,0,0
679,61,48,0,1,0,0,0,0
680,61,88,0,1,0,0,0,0
681,88,61,0,1,0,0,0,0
682,46,176,0,1,0,0,0,0
683,176,46,0,1,0,0,0,0
684,45,29,0,1,0,0,0,0
685,29,45,0,1,0,0,0,0
686,44,111,0,1,0,0,0,0
687,111,44,0,1,0,0,0,0
688,43,151,0,1,0,0,0,0
689,151,43,0,1,0,0,0,0
690,38,82,0,1,0,0,0,0
691,82,38,0,1,0,0,0,0
692,37,138,0,1,0,0,0,0
693,138,37,0,1,0,0,0,0
694,36,84,0,1,0,0,0,0
695,84,36,0,1,0,0,0,0
696,34,2,0,1,0,0,0,0
697,2,34,0,1,0,0,0,0
698,32,98,0,1,0,0,0,0
699,98,32,0,1,0,0,0,0
700,31,75,0,1,0,0,0,0
701,75,31,0,1,0,0,0,0
702,75,42,0,1,0,0,0,0
703,42,75,0,1,0,0,0,0
704,29,192,0,1,0,0,0,0
705,192,29,0,1,0,0,0,0
706,21,15,0,1,0,0,0,0
707,15,21,0,1,0,0,0,0
708,10,125,0,1,0,0,0,0
709,125,10,0,1,0,0,0,0
710,125,3,0,1,0,0,0,0
711,3,125,0,1,0,0,0,0
712,188,77,0,1,0,0,0,0
713,77,188,0,1,0,0,0,0
714,184,148,0,1,0,0,0,0
715,148,184,0,1,0,0,0,0
716,158,142,0,1,0,0,0,0
717,142,158,0,1,0,0,0,0
718,149,156,0,1,0,0,0,0
719,156,149,0,1,0,0,0,0
720,146,80,0,1,0,0,0,0
721,80,146,0,1,0,0,0,0
722,143,165,0,1,0,0,0,0
723,165,143,0,1,0,0,0,0
724,140,53,0,1,0,0,0,0
725,53,140,0,1,0,0,0,0
726,129,115,0,1,0,0,0,0
727,115,129,0,1,0,0,0,0
728,118,188,0,1,0,0,0,0
729,188,118,0,1,0,0,0,0
730,112,116,0,1,0,0,0,0
731,116,112,0,1,0,0,0,0
732,109,127,0,1,0,0,0,0
733,127,109,0,1,0,0,0,0
734,108,48,0,1,0,0,0,0
735,48,108,0,1,0,0,0,0
736,107,10,0,1,0,0,0,0
737,10,107,0,1,0,0,0,0
738,102,157,0,1,0,0,0,0
739,157,102,0,1,0,0,0,0
740,96,70,0,1,0,0,0,0
741,70,96,0,1,0,0,0,0
742,93,31,0,1,0,0,0,0
743,31,93,0,1,0,0,0,0
744,89,118,0,1,0,0,0,0
745,118,89,0,1,0,0,0,0
746,66,40,0,1,0,0,0,0
747,40,66,0,1,0,0,0,0
748,65,59,0,1,0,0,0,0
749,59,65,0,1,0,0,0,0
750,59,174,0,1,0,0,0,0
751,174,59,0,1,0,0,0,0
752,53,1,0,1,0,0,0,0
753,1,53,0,1,0,0,0,0
754,52,199,0,1,0,0,0,0
755,199,52,0,1,0,0,0,0
756,47,144,0,1,0,0,0,0
757,144,47,0,1,0,0,0,0
758,42,68,0,1,0,0,0,0
759,68,42,0,1,0,0,0,0
760,40,17,0,1,0,0,0,0
761,17,40,0,1,0,0,0,0
762,39,112,0,1,0,0,0,0
763,112,39,0,1,0,0,0,0
764,35,57,0,1,0,0,0,0
765,57,35,0,1,0,0,0,0
766,28,18,0,1,0,0,0,0
767,18,28,0,1,0,0,0,0
768,26,28,0,1,0,0,0,0
769,28,26,0,1,0,0,0,0
770,25,149,0,1,0,0,0,0
771,149,25,0,1,0,0,0,0
772,24,25,0,1,0,0,0,0
773,25,24,0,1,0,0,0,0
774,20,143,0,1,0,0,0,0
775,143,20,0,1,0,0,0,0
776,19,24,0,1,0,0,0,0
777,24,19,0,1,0,0,0,0
778,17,92,0,1,0,0,0,0
779,92,17,0,1,0,0,0,0
780,16,7,0,1,0,0,0,0
781,7,16,0,1,0,0,0,0
782,15,146,0,1,0,0,0,0
783,146,15,0,1,0,0,0,0
784,13,103,0,1,0,0,0,0
785,103,13,0,1,0,0,0,0
786,12,123,0,1,0,0,0,0
787,123,12,0,1,0,0,0,0
788,9,96,0,1,0,0,0,0
789,96,9,0,1,0,0,0,0
790,7,36,0,1,0,0,0,0
791,36,7,0,1,0,0,0,0
792,5,147,0,1,0,0,0,0
793,147,5,0,1,0,0,0,0
794,4,139,0,1,0,0,0,0
795,139,4,0,1,0,0,0,0
796,3,133,0,1,0,0,0,0
797,133,3,0,1,0,0,0,0
798,2,23,0,1,0,0,0,0
799,23,2,0,1,0,0,0,0
800,0,86,0,1,0,0,0,0
801,86,0,0,1,0,0,0,0
802,86,8,0,1,0,0,0,0
803,8,86,0,1,0,0,0,0
804,199,17,0,1,0,0,0,0
805,17,199,0,1,0,0,0,0
806,17,56,0,1,0,0,0,0
807,56,17,0,1,0,0,0,0
808,198,165,0,1,0,0,0,0
809,165,198,0,1,0,0,0,0
810,165,82,0,1,0,0,0,0
811,82,165,0,1,0,0,0,0
812,197,71,0,1,0,0,0,0
813,71,197,0,1,0,0,0,0
814,196,119,0,1,0,0,0,0
815,119,196,0,1,0,0,0,0
816,119,109,0,1,0,0,0,0
817,109,119,0,1,0,0,0,0
818,193,104,0,1,0,0,0,0
819,104,193,0,1,0,0,0,0
820,104,47,0,1,0,0,0,0
821,47,104,0,1,0,0,0,0
822,191,164,0,1,0,0,0,0
823,164,191,0,1,0,0,0,0
824,164,36,0,1,0,0,0,0
825,36,164,0,1,0,0,0,0
826,189,49,0,1,0,0,0,0
827,49,189,0,1,0,0,0,0
828,49,95,0,1,0,0,0,0
829,95,49,0,1,0,0,0,0
830,188,80,0,1,0,0,0,0
831,80,188,0,1,0,0,0,0
832,80,151,0,1,0,0,0,0
833,151,80,0,1,0,0,0,0
834,187,197,0,1,0,0,0,0
835,197,187,0,1,0,0,0,0
836,186,107,0,1,0,0,0,0
837,107,186,0,1,0,0,0,0
838,107,140,0,1,0,0,0,0
839,140,107,0,1,0,0,0,0
840,185,3,0,1,0,0,0,0
841,3,185,0,1,0,0,0,0
842,3,14,0,1,0,0,0,0
843,14,3,0,1,0,0,0,0
844,184,13,0,1,0,0,0,0
845,13,184,0,1,0,0,0,0
846,13,15,0,1,0,0,0,0
847,15,13,0,1,0,0,0,0
848,183,162,0,1,0,0,0,0
849,162,183,0,1,0,0,0,0
850,182,92,0,1,0,0,0,0
851,92,182,0,1,0,0,0,0
852,181,184,0,1,0,0,0,0
853,184,181,0,1,0,0,0,0
854,180,93,0,1,0,0,0,0
855,93,180,0,1,0,0,0,0
856,93,67,0,1,0,0,0,0
857,67,93,0,1,0,0,0,0
858,179,160,0,1,0,0,0,0
859,160,179,0,1,0,0,0,0
860,160,112,0,1,0,0,0,0
861,112,160,0,1,0,0,0,0
862,175,182,0,1,0,0,0,0
863,182,175,0,1,0,0,0,0
864,174,113,0,1,0,0,0,0
865,113,174,0,1,0,0,0,0
866,171,103,0,1,0,0,0,0
867,103,171,0,1,0,0,0,0
868,166,76,0,1,0,0,0,0
869,76,166,0,1,0,0,0,0
870,161,31,0,1,0,0,0,0
871,31,161,0,1,0,0,0,0
872,154,39,0,1,0,0,0,0
873,39,154,0,1,0,0,0,0
874,153,44,0,1,0,0,0,0
875,44,153,0,1,0,0,0,0
876,44,97,0,1,0,0,0,0
877,97,44,0,1,0,0,0,0
878,151,114,0,1,0,0,0,0
879,114,151,0,1,0,0,0,0
880,147,193,0,1,0,0,0,0
881,193,147,0,1,0,0,0,0
882,145,199,0,1,0,0,0,0
883,199,145,0,1,0,0,0,0
884,142,59,0,1,0,0,0,0
885,59,142,0,1,0,0,0,0
886,141,73,0,1,0,0,0,0
887,73,141,0,1,0,0,0,0
888,73,100,0,1,0,0,0,0
889,100,73,0,1,0,0,0,0
890,139,137,0,1,0,0,0,0
891,137,139,0,1,0,0,0,0
892,138,10,0,1,0,0,0,0
893,10,138,0,1,0,0,0,0
894,137,22,0,1,0,0,0,0
895,22,137,0,1,0,0,0,0
896,135,155,0,1,0,0,0,0
897,155,135,0,1,0,0,0,0
898,134,133,0,1,0,0,0,0
899,133,134,0,1,0,0,0,0
900,133,117,0,1,0,0,0,0
901,117,133,0,1,0,0,0,0
902,129,185,0,1,0,0,0,0
903,185,129,0,1,0,0,0,0
904,118,154,0,1,0,0,0,0
905,154,118,0,1,0,0,0,0
906,114,62,0,1,0,0,0,0
907,62,114,0,1,0,0,0,0
908,106,108,0,1,0,0,0,0
909,108,106,0,1,0,0,0,0
910,108,102,0,1,0,0,0,0
911,102,108,0,1,0,0,0,0
912,102,120,0,1,0,0,0,0
913,120,102,0,1,0,0,0,0
914,101,46,0,1,0,0,0,0
915,46,101,0,1,0,0,0,0
916,81,153,0,1,0,0,0,0
917,153,81,0,1,0,0,0,0
918,78,190,0,1,0,0,0,0
919,190,78,0,1,0,0,0,0
920,76,148,0,1,0,0,0,0
921,148,76,0,1,0,0,0,0
922,68,79,0,1,0,0,0,0
923,79,68,0,1,0,0,0,0
924,79,63,0,1,0,0,0,0
925,63,79,0,1,0,0,0,0
926,66,170,0,1,0,0,0,0
927,170,66,0,1,0,0,0,0
928,170,166,0,1,0,0,0,0
929,166,170,0,1,0,0,0,0
930,63,85,0,1,0,0,0,0
931,85,63,0,1,0,0,0,0
932,61,77,0,1,0,0,0,0
933,77,61,0,1,0,0,0,0
934,60,123,0,1,0,0,0,0
935,123,60,0,1,0,0,0,0
936,59,75,0,1,0,0,0,0
937,75,59,0,1,0,0,0,0
938,58,188,0,1,0,0,0,0
939,188,58,0,1,0,0,0,0
940,57,186,0,1,0,0,0,0
941,186,57,0,1,0,0,0,0
942,56,68,0,1,0,0,0,0
943,68,56,0,1,0,0,0,0
944,51,128,0,1,0,0,0,0
945,128,51,0,1,0,0,0,0
946,128,32,0,1,0,0,0,0
947,32,128,0,1,0,0,0,0
948,47,45,0,1,0,0,0,0
949,45,47,0,1,0,0,0,0
950,36,96,0,1,0,0,0,0
951,96,36,0,1,0,0,0,0
952,34,43,0,1,0,0,0,0
953,43,34,0,1,0,0,0,0
954,27,159,0,1,0,0,0,0
955,159,27,0,1,0,0,0,0
956,20,94,0,1,0,0,0,0
957,94,20,0,1,0,0,0,0
958,19,90,0,1,0,0,0,0
959,90,19,0,1,0,0,0,0
960,16,175,0,1,0,0,0,0
961,175,16,0,1,0,0,0,0
962,4,30,0,1,0,0,0,0
963,30,4,0,1,0,0,0,0
964,177,161,0,1,0,0,0,0
965,161,177,0,1,0,0,0,0
966,163,173,0,1,0,0,0,0
967,173,163,0,1,0,0,0,0
968,162,69,0,1,0,0,0,0
969,69,162,0,1,0,0,0,0
970,159,150,0,1,0,0,0,0
971,150,159,0,1,0,0,0,0
972,158,74,0,1,0,0,0,0
973,74,158,0,1,0,0,0,0
974,156,37,0,1,0,0,0,0
975,37,156,0,1,0,0,0,0
976,131,18,0,1,0,0,0,0
977,18,131,0,1,0,0,0,0
978,130,111,0,1,0,0,0,0
979,111,130,0,1,0,0,0,0
980,127,0,0,1,0,0,0,0
981,0,127,0,1,0,0,0,0
982,126,167,0,1,0,0,0,0
983,167,126,0,1,0,0,0,0
984,124,172,0,1,0,0,0,0
985,172,124,0,1,0,0,0,0
986,172,58,0,1,0,0,0,0
987,58,172,0,1,0,0,0,0
988,123,177,0,1,0,0,0,0
989,177,123,0,1,0,0,0,0
990,115,50,0,1,0,0,0,0
991,50,115,0,1,0,0,0,0
992,112,52,0,1,0,0,0,0
993,52,112,0,1,0,0,0,0
994,111,89,0,1,0,0,0,0
995,89,111,0,1,0,0,0,0
996,109,143,0,1,0,0,0,0
997,143,109,0,1,0,0,0,0
998,96,29,0,1,0,0,0,0
999,29,96,0,1,0,0,0,0
1000,84,142,0,1,0,0,0,0
1001,142,84,0,1,0,0,0,0
1002,82,144,0,1,0,0,0,0
1003,144,82,0,1,0,0,0,0
1004,74,4,0,1,0,0,0,0
1005,4,74,0,1,0,0,0,0
1006,53,141,0,1,0,0,0,0
1007,141,53,0,1,0,0,0,0
1008,52,41,0,1,0,0,0,0
1009,41,52,0,1,0,0,0,0
1010,48,60,0,1,0,0,0,0
1011,60,48,0,1,0,0,0,0
1012,46,19,0,1,0,0,0,0
1013,19,46,0,1,0,0,0,0
1014,38,48,0,1,0,0,0,0
1015,48,38,0,1,0,0,0,0
1016,37,115,0,1,0,0,0,0
1017,115,37,0,1,0,0,0,0
1018,26,33,0,1,0,0,0,0
1019,33,26,0,1,0,0,0,0
1020,18,1,0,1,0,0,0,0
1021,1,18,0,1,0,0,0,0
1022,15,27,0,1,0,0,0,0
1023,27,15,0,1,0,0,0,0
1024,11,132,0,1,0,0,0,0
1025,132,11,0,1,0,0,0,0
1026,10,55,0,1,0,0,0,0
1027,55,10,0,1,0,0,0,0
1028,1,147,0,1,0,0,0,0
1029,147,1,0,1,0,0,0,0
1030,190,146,0,1,0,0,0,0
1031,146,190,0,1,0,0,0,0
1032,168,78,0,1,0,0,0,0
1033,78,168,0,1,0,0,0,0
1034,167,176,0,1,0,0,0,0
1035,176,167,0,1,0,0,0,0
1036,155,134,0,1,0,0,0,0
1037,134,155,0,1,0,0,0,0
1038,149,180,0,1,0,0,0,0
1039,180,149,0,1,0,0,0,0
1040,125,51,0,1,0,0,0,0
1041,51,125,0,1,0,0,0,0
1042,122,131,0,1,0,0,0,0
1043,131,122,0,1,0,0,0,0
1044,121,54,0,1,0,0,0,0
1045,54,121,0,1,0,0,0,0
1046,54,24,0,1,0,0,0,0
1047,24,54,0,1,0,0,0,0
1048,120,192,0,1,0,0,0,0
1049,192,120,0,1,0,0,0,0
1050,113,157,0,1,0,0,0,0
1051,157,113,0,1,0,0,0,0
1052,103,35,0,1,0,0,0,0
1053,35,103,0,1,0,0,0,0
1054,97,125,0,1,0,0,0,0
1055,125,97,0,1,0,0,0,0
1056,89,91,0,1,0,0,0,0
1057,91,89,0,1,0,0,0,0
1058,88,66,0,1,0,0,0,0
1059,66,88,0,1,0,0,0,0
1060,87,16,0,1,0,0,0,0
1061,16,87,0,1,0,0,0,0
1062,75,191,0,1,0,0,0,0
1063,191,75,0,1,0,0,0,0
1064,72,169,0,1,0,0,0,0
1065,169,72,0,1,0,0,0,0
1066,69,87,0,1,0,0,0,0
1067,87,69,0,1,0,0,0,0
1068,62,139,0,1,0,0,0,0
1069,139,62,0,1,0,0,0,0
1070,55,189,0,1,0,0,0,0
1071,189,55,0,1,0,0,0,0
1072,32,7,0,1,0,0,0,0
1073,7,32,0,1,0,0,0,0
1074,24,57,0,1,0,0,0,0
1075,57,24,0,1,0,0,0,0
1076,8,34,0,1,0,0,0,0
1077,34,8,0,1,0,0,0,0
1078,195,26,0,1,0,0,0,0
1079,26,195,0,1,0,0,0,0
1080,194,122,0,1,0,0,0,0
1081,122,194,0,1,0,0,0,0
1082,192,178,0,1,0,0,0,0
1083,178,192,0,1,0,0,0,0
1084,176,61,0,1,0,0,0,0
1085,61,176,0,1,0,0,0,0
1086,173,11,0,1,0,0,0,0
1087,11,173,0,1,0,0,0,0
1088,169,53,0,1,0,0,0,0
1089,53,169,0,1,0,0,0,0
1090,157,70,0,1,0,0,0,0
1091,70,157,0,1,0,0,0,0
1092,152,168,0,1,0,0,0,0
1093,168,152,0,1,0,0,0,0
1094,146,116,0,1,0,0,0,0
1095,116,146,0,1,0,0,0,0
1096,144,158,0,1,0,0,0,0
1097,158,144,0,1,0,0,0,0
1098,143,149,0,1,0,0,0,0
1099,149,143,0,1,0,0,0,0
1100,105,121,0,1,0,0,0,0
1101,121,105,0,1,0,0,0,0
1102,99,138,0,1,0,0,0,0
1103,138,99,0,1,0,0,0,0
1104,94,152,0,1,0,0,0,0
1105,152,94,0,1,0,0,0,0
1106,92,88,0,1,0,0,0,0
1107,88,92,0,1,0,0,0,0
1108,83,136,0,1,0,0,0,0
1109,136,83,0,1,0,0,0,0
1110,136,145,0,1,0,0,0,0
1111,145,136,0,1,0,0,0,0
1112,50,118,0,1,0,0,0,0
1113,118,50,0,1,0,0,0,0
1114,45,21,0,1,0,0,0,0
1115,21,45,0,1,0,0,0,0
1116,23,163,0,1,0,0,0,0
1117,163,23,0,1,0,0,0,0
1118,21,9,0,1,0,0,0,0
1119,9,21,0,1,0,0,0,0
1120,14,98,0,1,0,0,0,0
1121,98,14,0,1,0,0,0,0
1122,12,195,0,1,0,0,0,0
1123,195,12,0,1,0,0,0,0
1124,9,126,0,1,0,0,0,0
1125,126,9,0,1,0,0,0,0
1126,6,5,0,1,0,0,0,0
1127,5,6,0,1,0,0,0,0
1128,5,130,0,1,0,0,0,0
1129,130,5,0,1,0,0,0,0
1130,2,174,0,1,0,0,0,0
1131,174,2,0,1,0,0,0,0
1132,178,2,0,1,0,0,0,0
1133,2,178,0,1,0,0,0,0
1134,150,135,0,1,0,0,0,0
1135,135,150,0,1,0,0,0,0
1136,148,187,0,1,0,0,0,0
1137,187,148,0,1,0,0,0,0
1138,140,101,0,1,0,0,0,0
1139,101,140,0,1,0,0,0,0
1140,132,198,0,1,0,0,0,0
1141,198,132,0,1,0,0,0,0
1142,117,183,0,1,0,0,0,0
1143,183,117,0,1,0,0,0,0
1144,116,84,0,1,0,0,0,0
1145,84,116,0,1,0,0,0,0
1146,110,105,0,1,0,0,0,0
1147,105,110,0,1,0,0,0,0
1148,100,81,0,1,0,0,0,0
1149,81,100,0,1,0,0,0,0
1150,98,42,0,1,0,0,0,0
1151,42,98,0,1,0,0,0,0
1152,95,40,0,1,0,0,0,0
1153,40,95,0,1,0,0,0,0
1154,91,12,0,1,0,0,0,0
1155,12,91,0,1,0,0,0,0
1156,90,6,0,1,0,0,0,0
1157,6,90,0,1,0,0,0,0
1158,85,110,0,1,0,0,0,0
1159,110,85,0,1,0,0,0,0
1160,77,106,0,1,0,0,0,0
1161,106,77,0,1,0,0,0,0
1162,71,64,0,1,0,0,0,0
1163,64,71,0,1,0,0,0,0
1164,70,72,0,1,0,0,0,0
1165,72,70,0,1,0,0,0,0
1166,67,65,0,1,0,0,0,0
1167,65,67,0,1,0,0,0,0
1168,65,25,0,1,0,0,0,0
1169,25,65,0,1,0,0,0,0
1170,64,28,0,1,0,0,0,0
1171,28,64,0,1,0,0,0,0
1172,43,99,0,1,0,0,0,0
1173,99,43,0,1,0,0,0,0
1174,42,179,0,1,0,0,0,0
1175,179,42,0,1,0,0,0,0
1176,41,196,0,1,0,0,0,0
1177,196,41,0,1,0,0,0,0
1178,40,83,0,1,0,0,0,0
1179,83,40,0,1,0,0,0,0
1180,39,124,0,1,0,0,0,0
1181,124,39,0,1,0,0,0,0
1182,35,23,0,1,0,0,0,0
1183,23,35,0,1,0,0,0,0
1184,33,38,0,1,0,0,0,0
1185,38,33,0,1,0,0,0,0
1186,31,129,0,1,0,0,0,0
1187,129,31,0,1,0,0,0,0
1188,30,181,0,1,0,0,0,0
1189,181,30,0,1,0,0,0,0
1190,29,194,0,1,0,0,0,0
1191,194,29,0,1,0,0,0,0
1192,28,156,0,1,0,0,0,0
1193,156,28,0,1,0,0,0,0
1194,25,127,0,1,0,0,0,0
1195,127,25,0,1,0,0,0,0
1196,22,171,0,1,0,0,0,0
1197,171,22,0,1,0,0,0,0
1198,7,20,0,1,0,0,0,0
1199,20,7,0,1,0,0,0,0
1200,0,154,0,1,0,0,0,0
1201,154,0,0,1,0,0,0,0
1202,154,194,0,1,0,0,0,0
1203,194,154,0,1,0,0,0,0
1204,199,85,0,1,0,0,0,0
1205,85,199,0,1,0,0,0,0
1206,85,28,0,1,0,0,0,0
1207,28,85,0,1,0,0,0,0
1208,198,36,0,1,0,0,0,0
1209,36,198,0,1,0,0,0,0
1210,36,4,0,1,0,0,0,0
1211,4,36,0,1,0,0,0,0
1212,197,1,0,1,0,0,0,0
1213,1,197,0,1,0,0,0,0
1214,1,188,0,1,0,0,0,0
1215,188,1,0,1,0,0,0,0
1216,196,23,0,1,0,0,0,0
1217,23,196,0,1,0,0,0,0
1218,23,34,0,1,0,0,0,0
1219,34,23,0,1,0,0,0,0
1220,195,72,0,1,0,0,0,0
1221,72,195,0,1,0,0,0,0
1222,72,155,0,1,0,0,0,0
1223,155,72,0,1,0,0,0,0
1224,194,66,0,1,0,0,0,0
1225,66,194,0,1,0,0,0,0
1226,192,14,0,1,0,0,0,0
1227,14,192,0,1,0,0,0,0
1228,190,48,0,1,0,0,0,0
1229,48,190,0,1,0,0,0,0
1230,48,166,0,1,0,0,0,0
1231,166,48,0,1,0,0,0,0
1232,189,179,0,1,0,0,0,0
1233,179,189,0,1,0,0,0,0
1234,188,168,0,1,0,0,0,0
1235,168,188,0,1,0,0,0,0
1236,187,33,0,1,0,0,0,0
1237,33,187,0,1,0,0,0,0
1238,33,122,0,1,0,0,0,0
1239,122,33,0,1,0,0,0,0
1240,186,82,0,1,0,0,0,0
1241,82,186,0,1,0,0,0,0
1242,185,80,0,1,0,0,0,0
1243,80,185,0,1,0,0,0,0
1244,184,31,0,1,0,0,0,0
1245,31,184,0,1,0,0,0,0
1246,31,18,0,1,0,0,0,0
1247,18,31,0,1,0,0,0,0
1248,183,181,0,1,0,0,0,0
1249,181,183,0,1,0,0,0,0
1250,181,3,0,1,0,0,0,0
1251,3,181,0,1,0,0,0,0
1252,182,74,0,1,0,0,0,0
1253,74,182,0,1,0,0,0,0
1254,179,78,0,1,0,0,0,0
1255,78,179,0,1,0,0,0,0
1256,177,146,0,1,0,0,0,0
1257,146,177,0,1,0,0,0,0
1258,175,68,0,1,0,0,0,0
1259,68,175,0,1,0,0,0,0
1260,68,149,0,1,0,0,0,0
1261,149,68,0,1,0,0,0,0
1262,171,163,0,1,0,0,0,0
1263,163,171,0,1,0,0,0,0
1264,167,49,0,1,0,0,0,0
1265,49,167,0,1,0,0,0,0
1266,166,41,0,1,0,0,0,0
1267,41,166,0,1,0,0,0,0
1268,163,81,0,1,0,0,0,0
1269,81,163,0,1,0,0,0,0
1270,162,99,0,1,0,0,0,0
1271,99,162,0,1,0,0,0,0
1272,99,130,0,1,0,0,0,0
1273,130,99,0,1,0,0,0,0
1274,157,193,0,1,0,0,0,0
1275,193,157,0,1,0,0,0,0
1276,150,177,0,1,0,0,0,0
1277,177,150,0,1,0,0,0,0
1278,149,79,0,1,0,0,0,0
1279,79,149,0,1,0,0,0,0
1280,142,76,0,1,0,0,0,0
1281,76,142,0,1,0,0,0,0
1282,137,195,0,1,0,0,0,0
1283,195,137,0,1,0,0,0,0
1284,132,55,0,1,0,0,0,0
1285,55,132,0,1,0,0,0,0
1286,127,27,0,1,0,0,0,0
1287,27,127,0,1,0,0,0,0
1288,126,70,0,1,0,0,0,0
1289,70,126,0,1,0,0,0,0
1290,124,7,0,1,0,0,0,0
1291,7,124,0,1,0,0,0,0
1292,121,165,0,1,0,0,0,0
1293,165,121,0,1,0,0,0,0
1294,120,57,0,1,0,0,0,0
1295,57,120,0,1,0,0,0,0
1296,117,71,0,1,0,0,0,0
1297,71,117,0,1,0,0,0,0
1298,114,174,0,1,0,0,0,0
1299,174,114,0,1,0,0,0,0
1300,107,144,0,1,0,0,0,0
1301,144,107,0,1,0,0,0,0
1302,144,89,0,1,0,0,0,0
1303,89,144,0,1,0,0,0,0
1304,105,11,0,1,0,0,0,0
1305,11,105,0,1,0,0,0,0
1306,97,145,0,1,0,0,0,0
1307,145,97,0,1,0,0,0,0
1308,92,117,0,1,0,0,0,0
1309,117,92,0,1,0,0,0,0
1310,89,104,0,1,0,0,0,0
1311,104,89,0,1,0,0,0,0
1312,74,159,0,1,0,0,0,0
1313,159,74,0,1,0,0,0,0
1314,67,75,0,1,0,0,0,0
1315,75,67,0,1,0,0,0,0
1316,57,125,0,1,0,0,0,0
1317,125,57,0,1,0,0,0,0
1318,49,133,0,1,0,0,0,0
1319,133,49,0,1,0,0,0,0
1320,19,77,0,1,0,0,0,0
1321,77,19,0,1,0,0,0,0
1322,13,29,0,1,0,0,0,0
1323,29,13,0,1,0,0,0,0
1324,9,102,0,1,0,0,0,0
1325,102,9,0,1,0,0,0,0
1326,102,15,0,1,0,0,0,0
1327,15,102,0,1,0,0,0,0
1328,178,108,0,1,0,0,0,0
1329,108,178,0,1,0,0,0,0
1330,176,126,0,1,0,0,0,0
1331,126,176,0,1,0,0,0,0
1332,174,6,0,1,0,0,0,0
1333,6,174,0,1,0,0,0,0
1334,160,105,0,1,0,0,0,0
1335,105,160,0,1,0,0,0,0
1336,155,114,0,1,0,0,0,0
1337,114,155,0,1,0,0,0,0
1338,145,139,0,1,0,0,0,0
1339,139,145,0,1,0,0,0,0
1340,141,50,0,1,0,0,0,0
1341,50,141,0,1,0,0,0,0
1342,50,35,0,1,0,0,0,0
1343,35,50,0,1,0,0,0,0
1344,139,121,0,1,0,0,0,0
1345,121,139,0,1,0,0,0,0
1346,130,153,0,1,0,0,0,0
1347,153,130,0,1,0,0,0,0
1348,125,184,0,1,0,0,0,0
1349,184,125,0,1,0,0,0,0
1350,122,172,0,1,0,0,0,0
1351,172,122,0,1,0,0,0,0
1352,112,96,0,1,0,0,0,0
1353,96,112,0,1,0,0,0,0
1354,108,156,0,1,0,0,0,0
1355,156,108,0,1,0,0,0,0
1356,101,198,0,1,0,0,0,0
1357,198,101,0,1,0,0,0,0
1358,100,32,0,1,0,0,0,0
1359,32,100,0,1,0,0,0,0
1360,94,112,0,1,0,0,0,0
1361,112,94,0,1,0,0,0,0
1362,93,141,0,1,0,0,0,0
1363,141,93,0,1,0,0,0,0
1364,86,171,0,1,0,0,0,0
1365,171,86,0,1,0,0,0,0
1366,83,16,0,1,0,0,0,0
1367,16,83,0,1,0,0,0,0
1368,76,128,0,1,0,0,0,0
1369,128,76,0,1,0,0,0,0
1370,75,124,0,1,0,0,0,0
1371,124,75,0,1,0,0,0,0
1372,69,94,0,1,0,0,0,0
1373,94,69,0,1,0,0,0,0
1374,66,196,0,1,0,0,0,0
1375,196,66,0,1,0,0,0,0
1376,55,107,0,1,0,0,0,0
1377,107,55,0,1,0,0,0,0
1378,46,43,0,1,0,0,0,0
1379,43,46,0,1,0,0,0,0
1380,43,10,0,1,0,0,0,0
1381,10,43,0,1,0,0,0,0
1382,40,180,0,1,0,0,0,0
1383,180,40,0,1,0,0,0,0
1384,180,39,0,1,0,0,0,0
1385,39,180,0,1,0,0,0,0
1386,193,97,0,1,0,0,0,0
1387,97,193,0,1,0,0,0,0
1388,168,19,0,1,0,0,0,0
1389,19,168,0,1,0,0,0,0
1390,164,22,0,1,0,0,0,0
1391,22,164,0,1,0,0,0,0
1392,158,24,0,1,0,0,0,0
1393,24,158,0,1,0,0,0,0
1394,129,170,0,1,0,0,0,0
1395,170,129,0,1,0,0,0,0
1396,170,162,0,1,0,0,0,0
1397,162,170,0,1,0,0,0,0
1398,111,136,0,1,0,0,0,0
1399,136,111,0,1,0,0,0,0
1400,136,60,0,1,0,0,0,0
1401,60,136,0,1,0,0,0,0
1402,109,116,0,1,0,0,0,0
1403,116,109,0,1,0,0,0,0
1404,104,37,0,1,0,0,0,0
1405,37,104,0,1,0,0,0,0
1406,88,113,0,1,0,0,0,0
1407,113,88,0,1,0,0,0,0
1408,80,52,0,1,0,0,0,0
1409,52,80,0,1,0,0,0,0
1410,78,192,0,1,0,0,0,0
1411,192,78,0,1,0,0,0,0
1412,71,93,0,1,0,0,0,0
1413,93,71,0,1,0,0,0,0
1414,59,127,0,1,0,0,0,0
1415,127,59,0,1,0,0,0,0
1416,53,182,0,1,0,0,0,0
1417,182,53,0,1,0,0,0,0
1418,45,98,0,1,0,0,0,0
1419,98,45,0,1,0,0,0,0
1420,98,5,0,1,0,0,0,0
1421,5,98,0,1,0,0,0,0
1422,24,110,0,1,0,0,0,0
1423,110,24,0,1,0,0,0,0
1424,17,30,0,1,0,0,0,0
1425,30,17,0,1,0,0,0,0
1426,16,86,0,1,0,0,0,0
1427,86,16,0,1,0,0,0,0
1428,191,88,0,1,0,0,0,0
1429,88,191,0,1,0,0,0,0
1430,172,20,0,1,0,0,0,0
1431,20,172,0,1,0,0,0,0
1432,169,123,0,1,0,0,0,0
1433,123,169,0,1,0,0,0,0
1434,152,51,0,1,0,0,0,0
1435,51,152,0,1,0,0,0,0
1436,135,115,0,1,0,0,0,0
1437,115,135,0,1,0,0,0,0
1438,133,38,0,1,0,0,0,0
1439,38,133,0,1,0,0,0,0
1440,123,148,0,1,0,0,0,0
1441,148,123,0,1,0,0,0,0
1442,119,2,0,1,0,0,0,0
1443,2,119,0,1,0,0,0,0
1444,87,187,0,1,0,0,0,0
1445,187,87,0,1,0,0,0,0
1446,73,183,0,1,0,0,0,0
1447,183,73,0,1,0,0,0,0
1448,65,95,0,1,0,0,0,0
1449,95,65,0,1,0,0,0,0
1450,95,164,0,1,0,0,0,0
1451,164,95,0,1,0,0,0,0
1452,56,21,0,1,0,0,0,0
1453,21,56,0,1,0,0,0,0
1454,21,138,0,1,0,0,0,0
1455,138,21,0,1,0,0,0,0
1456,30,26,0,1,0,0,0,0
1457,26,30,0,1,0,0,0,0
1458,2,158,0,1,0,0,0,0
1459,158,2,0,1,0,0,0,0
1460,173,87,0,1,0,0,0,0
1461,87,173,0,1,0,0,0,0
1462,159,167,0,1,0,0,0,0
1463,167,159,0,1,0,0,0,0
1464,153,92,0,1,0,0,0,0
1465,92,153,0,1,0,0,0,0
1466,146,62,0,1,0,0,0,0
1467,62,146,0,1,0,0,0,0
1468,140,56,0,1,0,0,0,0
1469,56,140,0,1,0,0,0,0
1470,134,90,0,1,0,0,0,0
1471,90,134,0,1,0,0,0,0
1472,90,59,0,1,0,0,0,0
1473,59,90,0,1,0,0,0,0
1474,131,147,0,1,0,0,0,0
1475,147,131,0,1,0,0,0,0
1476,116,8,0,1,0,0,0,0
1477,8,116,0,1,0,0,0,0
1478,115,140,0,1,0,0,0,0
1479,140,115,0,1,0,0,0,0
1480,113,137,0,1,0,0,0,0
1481,137,113,0,1,0,0,0,0
1482,79,106,0,1,0,0,0,0
1483,106,79,0,1,0,0,0,0
1484,70,118,0,1,0,0,0,0
1485,118,70,0,1,0,0,0,0
1486,58,9,0,1,0,0,0,0
1487,9,58,0,1,0,0,0,0
1488,52,42,0,1,0,0,0,0
1489,42,52,0,1,0,0,0,0
1490,47,61,0,1,0,0,0,0
1491,61,47,0,1,0,0,0,0
1492,61,84,0,1,0,0,0,0
1493,84,61,0,1,0,0,0,0
1494,44,132,0,1,0,0,0,0
1495,132,44,0,1,0,0,0,0
1496,42,169,0,1,0,0,0,0
1497,169,42,0,1,0,0,0,0
1498,39,129,0,1,0,0,0,0
1499,129,39,0,1,0,0,0,0
1500,29,120,0,1,0,0,0,0
1501,120,29,0,1,0,0,0,0
1502,20,185,0,1,0,0,0,0
1503,185,20,0,1,0,0,0,0
1504,15,12,0,1,0,0,0,0
1505,12,15,0,1,0,0,0,0
1506,165,25,0,1,0,0,0,0
1507,25,165,0,1,0,0,0,0
1508,151,111,0,1,0,0,0,0
1509,111,151,0,1,0,0,0,0
1510,148,142,0,1,0,0,0,0
1511,142,148,0,1,0,0,0,0
1512,147,135,0,1,0,0,0,0
1513,135,147,0,1,0,0,0,0
1514,143,191,0,1,0,0,0,0
1515,191,143,0,1,0,0,0,0
1516,128,63,0,1,0,0,0,0
1517,63,128,0,1,0,0,0,0
1518,106,13,0,1,0,0,0,0
1519,13,106,0,1,0,0,0,0
1520,82,101,0,1,0,0,0,0
1521,101,82,0,1,0,0,0,0
1522,81,103,0,1,0,0,0,0
1523,103,81,0,1,0,0,0,0
1524,62,189,0,1,0,0,0,0
1525,189,62,0,1,0,0,0,0
1526,54,161,0,1,0,0,0,0
1527,161,54,0,1,0,0,0,0
1528,161,46,0,1,0,0,0,0
1529,46,161,0,1,0,0,0,0
1530,51,100,0,1,0,0,0,0
1531,100,51,0,1,0,0,0,0
1532,28,176,0,1,0,0,0,0
1533,176,28,0,1,0,0,0,0
1534,27,54,0,1,0,0,0,0
1535,54,27,0,1,0,0,0,0
1536,25,151,0,1,0,0,0,0
1537,151,25,0,1,0,0,0,0
1538,18,91,0,1,0,0,0,0
1539,91,18,0,1,0,0,0,0
1540,11,47,0,1,0,0,0,0
1541,47,11,0,1,0,0,0,0
1542,6,64,0,1,0,0,0,0
1543,64,6,0,1,0,0,0,0
1544,4,17,0,1,0,0,0,0
1545,17,4,0,1,0,0,0,0
1546,156,150,0,1,0,0,0,0
1547,150,156,0,1,0,0,0,0
1548,138,0,0,1,0,0,0,0
1549,0,138,0,1,0,0,0,0
1550,118,175,0,1,0,0,0,0
1551,175,118,0,1,0,0,0,0
1552,110,83,0,1,0,0,0,0
1553,83,110,0,1,0,0,0,0
1554,103,190,0,1,0,0,0,0
1555,190,103,0,1,0,0,0,0
1556,96,69,0,1,0,0,0,0
1557,69,96,0,1,0,0,0,0
1558,91,58,0,1,0,0,0,0
1559,58,91,0,1,0,0,0,0
1560,84,199,0,1,0,0,0,0
1561,199,84,0,1,0,0,0,0
1562,77,109,0,1,0,0,0,0
1563,109,77,0,1,0,0,0,0
1564,64,143,0,1,0,0,0,0
1565,143,64,0,1,0,0,0,0
1566,63,173,0,1,0,0,0,0
1567,173,63,0,1,0,0,0,0
1568,60,197,0,1,0,0,0,0
1569,197,60,0,1,0,0,0,0
1570,41,119,0,1,0,0,0,0
1571,119,41,0,1,0,0,0,0
1572,38,178,0,1,0,0,0,0
1573,178,38,0,1,0,0,0,0
1574,37,186,0,1,0,0,0,0
1575,186,37,0,1,0,0,0,0
1576,35,73,0,1,0,0,0,0
1577,73,35,0,1,0,0,0,0
1578,34,131,0,1,0,0,0,0
1579,131,34,0,1,0,0,0,0
1580,32,152,0,1,0,0,0,0
1581,152,32,0,1,0,0,0,0
1582,26,44,0,1,0,0,0,0
1583,44,26,0,1,0,0,0,0
1584,22,45,0,1,0,0,0,0
1585,45,22,0,1,0,0,0,0
1586,14,65,0,1,0,0,0,0
1587,65,14,0,1,0,0,0,0
1588,12,160,0,1,0,0,0,0
1589,160,12,0,1,0,0,0,0
1590,10,40,0,1,0,0,0,0
1591,40,10,0,1,0,0,0,0
1592,8,134,0,1,0,0,0,0
1593,134,8,0,1,0,0,0,0
1594,7,67,0,1,0,0,0,0
1595,67,7,0,1,0,0,0,0
1596,5,53,0,1,0,0,0,0
1597,53,5,0,1,0,0,0,0
1598,3,157,0,1,0,0,0,0
1599,157,3,0,1,0,0,0,0
1600,0,23,0,1,0,0,0,0
1601,23,0,0,1,0,0,0,0
1602,23,39,0,1,0,0,0,0
1603,39,23,0,1,0,0,0,0
1604,199,112,0,1,0,0,0,0
1605,112,199,0,1,0,0,0,0
1606,198,160,0,1,0,0,0,0
1607,160,198,0,1,0,0,0,0
1608,197,183,0,1,0,0,0,0
1609,183,197,0,1,0,0,0,0
1610,183,146,0,1,0,0,0,0
1611,146,183,0,1,0,0,0,0
1612,195,35,0,1,0,0,0,0
1613,35,195,0,1,0,0,0,0
1614,194,54,0,1,0,0,0,0
1615,54,194,0,1,0,0,0,0
1616,54,150,0,1,0,0,0,0
1617,150,54,0,1,0,0,0,0
1618,192,125,0,1,0,0,0,0
1619,125,192,0,1,0,0,0,0
1620,125,108,0,1,0,0,0,0
1621,108,125,0,1,0,0,0,0
1622,191,86,0,1,0,0,0,0
1623,86,191,0,1,0,0,0,0
1624,189,140,0,1,0,0,0,0
1625,140,189,0,1,0,0,0,0
1626,140,12,0,1,0,0,0,0
1627,12,140,0,1,0,0,0,0
1628,188,28,0,1,0,0,0,0
1629,28,188,0,1,0,0,0,0
1630,28,16,0,1,0,0,0,0
1631,16,28,0,1,0,0,0,0
1632,187,32,0,1,0,0,0,0
1633,32,187,0,1,0,0,0,0
1634,32,190,0,1,0,0,0,0
1635,190,32,0,1,0,0,0,0
1636,186,188,0,1,0,0,0,0
1637,188,186,0,1,0,0,0,0
1638,182,51,0,1,0,0,0,0
1639,51,182,0,1,0,0,0,0
1640,174,87,0,1,0,0,0,0
1641,87,174,0,1,0,0,0,0
1642,172,192,0,1,0,0,0,0
1643,192,172,0,1,0,0,0,0
1644,169,195,0,1,0,0,0,0
1645,195,169,0,1,0,0,0,0
1646,167,93,0,1,0,0,0,0
1647,93,167,0,1,0,0,0,0
1648,93,106,0,1,0,0,0,0
1649,106,93,0,1,0,0,0,0
1650,165,6,0,1,0,0,0,0
1651,6,165,0,1,0,0,0,0
1652,6,105,0,1,0,0,0,0
1653,105,6,0,1,0,0,0,0
1654,164,152,0,1,0,0,0,0
1655,152,164,0,1,0,0,0,0
1656,158,186,0,1,0,0,0,0
1657,186,158,0,1,0,0,0,0
1658,157,90,0,1,0,0,0,0
1659,90,157,0,1,0,0,0,0
1660,155,181,0,1,0,0,0,0
1661,181,155,0,1,0,0,0,0
1662,151,159,0,1,0,0,0,0
1663,159,151,0,1,0,0,0,0
1664,149,118,0,1,0,0,0,0
1665,118,149,0,1,0,0,0,0
1666,148,88,0,1,0,0,0,0
1667,88,148,0,1,0,0,0,0
1668,88,22,0,1,0,0,0,0
1669,22,88,0,1,0,0,0,0
1670,147,29,0,1,0,0,0,0
1671,29,147,0,1,0,0,0,0
1672,145,109,0,1,0,0,0,0
1673,109,145,0,1,0,0,0,0
1674,142,145,0,1,0,0,0,0
1675,145,142,0,1,0,0,0,0
1676,138,73,0,1,0,0,0,0
1677,73,138,0,1,0,0,0,0
1678,133,174,0,1,0,0,0,0
1679,174,133,0,1,0,0,0,0
1680,131,128,0,1,0,0,0,0
1681,128,131,0,1,0,0,0,0
1682,130,139,0,1,0,0,0,0
1683,139,130,0,1,0,0,0,0
1684,139,59,0,1,0,0,0,0
1685,59,139,0,1,0,0,0,0
1686,126,2,0,1,0,0,0,0
1687,2,126,0,1,0,0,0,0
1688,118,24,0,1,0,0,0,0
1689,24,118,0,1,0,0,0,0
1690,111,48,0,1,0,0,0,0
1691,48,111,0,1,0,0,0,0
1692,84,10,0,1,0,0,0,0
1693,10,84,0,1,0,0,0,0
1694,68,162,0,1,0,0,0,0
1695,162,68,0,1,0,0,0,0
1696,49,178,0,1,0,0,0,0
1697,178,49,0,1,0,0,0,0
1698,46,82,0,1,0,0,0,0
1699,82,46,0,1,0,0,0,0
1700,44,175,0,1,0,0,0,0
1701,175,44,0,1,0,0,0,0
1702,41,57,0,1,0,0,0,0
1703,57,41,0,1,0,0,0,0
1704,36,77,0,1,0,0,0,0
1705,77,36,0,1,0,0,0,0
1706,20,171,0,1,0,0,0,0
1707,171,20,0,1,0,0,0,0
1708,17,62,0,1,0,0,0,0
1709,62,17,0,1,0,0,0,0
1710,10,58,0,1,0,0,0,0
1711,58,10,0,1,0,0,0,0
1712,185,21,0,1,0,0,0,0
1713,21,185,0,1,0,0,0,0
1714,21,0,0,1,0,0,0,0
1715,0,21,0,1,0,0,0,0
1716,173,115,0,1,0,0,0,0
1717,115,173,0,1,0,0,0,0
1718,161,180,0,1,0,0,0,0
1719,180,161,0,1,0,0,0,0
1720,159,173,0,1,0,0,0,0
1721,173,159,0,1,0,0,0,0
1722,152,100,0,1,0,0,0,0
1723,100,152,0,1,0,0,0,0
1724,150,46,0,1,0,0,0,0
1725,46,150,0,1,0,0,0,0
1726,123,31,0,1,0,0,0,0
1727,31,123,0,1,0,0,0,0
1728,31,44,0,1,0,0,0,0
1729,44,31,0,1,0,0,0,0
1730,102,63,0,1,0,0,0,0
1731,63,102,0,1,0,0,0,0
1732,98,50,0,1,0,0,0,0
1733,50,98,0,1,0,0,0,0
1734,95,72,0,1,0,0,0,0
1735,72,95,0,1,0,0,0,0
1736,65,182,0,1,0,0,0,0
1737,182,65,0,1,0,0,0,0
1738,52,38,0,1,0,0,0,0
1739,38,52,0,1,0,0,0,0
1740,47,67,0,1,0,0,0,0
1741,67,47,0,1,0,0,0,0
1742,42,141,0,1,0,0,0,0
1743,141,42,0,1,0,0,0,0
1744,29,137,0,1,0,0,0,0
1745,137,29,0,1,0,0,0,0
1746,25,80,0,1,0,0,0,0
1747,80,25,0,1,0,0,0,0
1748,80,191,0,1,0,0,0,0
1749,191,80,0,1,0,0,0,0
1750,8,19,0,1,0,0,0,0
1751,19,8,0,1,0,0,0,0
1752,5,161,0,1,0,0,0,0
1753,161,5,0,1,0,0,0,0
1754,1,117,0,1,0,0,0,0
1755,117,1,0,1,0,0,0,0
1756,193,8,0,1,0,0,0,0
1757,8,193,0,1,0,0,0,0
1758,179,132,0,1,0,0,0,0
1759,132,179,0,1,0,0,0,0
1760,162,76,0,1,0,0,0,0
1761,76,162,0,1,0,0,0,0
1762,124,126,0,1,0,0,0,0
1763,126,124,0,1,0,0,0,0
1764,122,197,0,1,0,0,0,0
1765,197,122,0,1,0,0,0,0
1766,112,37,0,1,0,0,0,0
1767,37,112,0,1,0,0,0,0
1768,99,166,0,1,0,0,0,0
1769,166,99,0,1,0,0,0,0
1770,87,135,0,1,0,0,0,0
1771,135,87,0,1,0,0,0,0
1772,72,65,0,1,0,0,0,0
1773,65,72,0,1,0,0,0,0
1774,66,185,0,1,0,0,0,0
1775,185,66,0,1,0,0,0,0
1776,43,187,0,1,0,0,0,0
1777,187,43,0,1,0,0,0,0
1778,4,155,0,1,0,0,0,0
1779,155,4,0,1,0,0,0,0
1780,190,149,0,1,0,0,0,0
1781,149,190,0,1,0,0,0,0
1782,171,45,0,1,0,0,0,0
1783,45,171,0,1,0,0,0,0
1784,136,113,0,1,0,0,0,0
1785,113,136,0,1,0,0,0,0
1786,132,98,0,1,0,0,0,0
1787,98,132,0,1,0,0,0,0
1788,109,157,0,1,0,0,0,0
1789,157,109,0,1,0,0,0,0
1790,106,177,0,1,0,0,0,0
1791,177,106,0,1,0,0,0,0
1792,104,142,0,1,0,0,0,0
1793,142,104,0,1,0,0,0,0
1794,103,11,0,1,0,0,0,0
1795,11,103,0,1,0,0,0,0
1796,11,66,0,1,0,0,0,0
1797,66,11,0,1,0,0,0,0
1798,96,34,0,1,0,0,0,0
1799,34,96,0,1,0,0,0,0
1800,91,99,0,1,0,0,0,0
1801,99,91,0,1,0,0,0,0
1802,89,97,0,1,0,0,0,0
1803,97,89,0,1,0,0,0,0
1804,85,138,0,1,0,0,0,0
1805,138,85,0,1,0,0,0,0
1806,74,147,0,1,0,0,0,0
1807,147,74,0,1,0,0,0,0
1808,62,47,0,1,0,0,0,0
1809,47,62,0,1,0,0,0,0
1810,55,85,0,1,0,0,0,0
1811,85,55,0,1,0,0,0,0
1812,34,26,0,1,0,0,0,0
1813,26,34,0,1,0,0,0,0
1814,18,83,0,1,0,0,0,0
1815,83,18,0,1,0,0,0,0
1816,13,43,0,1,0,0,0,0
1817,43,13,0,1,0,0,0,0
1818,12,53,0,1,0,0,0,0
1819,53,12,0,1,0,0,0,0
1820,177,194,0,1,0,0,0,0
1821,194,177,0,1,0,0,0,0
1822,168,107,0,1,0,0,0,0
1823,107,168,0,1,0,0,0,0
1824,153,3,0,1,0,0,0,0
1825,3,153,0,1,0,0,0,0
1826,143,199,0,1,0,0,0,0
1827,199,143,0,1,0,0,0,0
1828,128,18,0,1,0,0,0,0
1829,18,128,0,1,0,0,0,0
1830,121,94,0,1,0,0,0,0
1831,94,121,0,1,0,0,0,0
1832,117,176,0,1,0,0,0,0
1833,176,117,0,1,0,0,0,0
1834,107,153,0,1,0,0,0,0
1835,153,107,0,1,0,0,0,0
1836,100,101,0,1,0,0,0,0
1837,101,100,0,1,0,0,0,0
1838,97,116,0,1,0,0,0,0
1839,116,97,0,1,0,0,0,0
1840,94,184,0,1,0,0,0,0
1841,184,94,0,1,0,0,0,0
1842,77,124,0,1,0,0,0,0
1843,124,77,0,1,0,0,0,0
1844,64,127,0,1,0,0,0,0
1845,127,64,0,1,0,0,0,0
1846,127,133,0,1,0,0,0,0
1847,133,127,0,1,0,0,0,0
1848,58,114,0,1,0,0,0,0
1849,114,58,0,1,0,0,0,0
1850,15,104,0,1,0,0,0,0
1851,104,15,0,1,0,0,0,0
1852,196,169,0,1,0,0,0,0
1853,169,196,0,1,0,0,0,0
1854,184,172,0,1,0,0,0,0
1855,172,184,0,1,0,0,0,0
1856,176,52,0,1,0,0,0,0
1857,52,176,0,1,0,0,0,0
1858,175,92,0,1,0,0,0,0
1859,92,175,0,1,0,0,0,0
1860,163,36,0,1,0,0,0,0
1861,36,163,0,1,0,0,0,0
1862,160,148,0,1,0,0,0,0
1863,148,160,0,1,0,0,0,0
1864,120,96,0,1,0,0,0,0
1865,96,120,0,1,0,0,0,0
1866,119,4,0,1,0,0,0,0
1867,4,119,0,1,0,0,0,0
1868,108,134,0,1,0,0,0,0
1869,134,108,0,1,0,0,0,0
1870,83,167,0,1,0,0,0,0
1871,167,83,0,1,0,0,0,0
1872,81,61,0,1,0,0,0,0
1873,61,81,0,1,0,0,0,0
1874,71,60,0,1,0,0,0,0
1875,60,71,0,1,0,0,0,0
1876,60,79,0,1,0,0,0,0
1877,79,60,0,1,0,0,0,0
1878,67,131,0,1,0,0,0,0
1879,131,67,0,1,0,0,0,0
1880,61,41,0,1,0,0,0,0
1881,41,61,0,1,0,0,0,0
1882,56,144,0,1,0,0,0,0
1883,144,56,0,1,0,0,0,0
1884,144,136,0,1,0,0,0,0
1885,136,144,0,1,0,0,0,0
1886,39,69,0,1,0,0,0,0
1887,69,39,0,1,0,0,0,0
1888,26,55,0,1,0,0,0,0
1889,55,26,0,1,0,0,0,0
1890,24,103,0,1,0,0,0,0
1891,103,24,0,1,0,0,0,0
1892,22,170,0,1,0,0,0,0
1893,170,22,0,1,0,0,0,0
1894,170,14,0,1,0,0,0,0
1895,14,170,0,1,0,0,0,0
1896,114,49,0,1,0,0,0,0
1897,49,114,0,1,0,0,0,0
1898,105,158,0,1,0,0,0,0
1899,158,105,0,1,0,0,0,0
1900,79,84,0,1,0,0,0,0
1901,84,79,0,1,0,0,0,0
1902,78,122,0,1,0,0,0,0
1903,122,78,0,1,0,0,0,0
1904,70,110,0,1,0,0,0,0
1905,110,70,0,1,0,0,0,0
1906,110,156,0,1,0,0,0,0
1907,156,110,0,1,0,0,0,0
1908,57,143,0,1,0,0,0,0
1909,143,57,0,1,0,0,0,0
1910,53,95,0,1,0,0,0,0
1911,95,53,0,1,0,0,0,0
1912,50,102,0,1,0,0,0,0
1913,102,50,0,1,0,0,0,0
1914,38,120,0,1,0,0,0,0
1915,120,38,0,1,0,0,0,0
1916,30,81,0,1,0,0,0,0
1917,81,30,0,1,0,0,0,0
1918,19,119,0,1,0,0,0,0
1919,119,19,0,1,0,0,0,0
1920,181,56,0,1,0,0,0,0
1921,56,181,0,1,0,0,0,0
1922,180,70,0,1,0,0,0,0
1923,70,180,0,1,0,0,0,0
1924,146,78,0,1,0,0,0,0
1925,78,146,0,1,0,0,0,0
1926,141,9,0,1,0,0,0,0
1927,9,141,0,1,0,0,0,0
1928,137,91,0,1,0,0,0,0
1929,91,137,0,1,0,0,0,0
1930,134,7,0,1,0,0,0,0
1931,7,134,0,1,0,0,0,0
1932,115,13,0,1,0,0,0,0
1933,13,115,0,1,0,0,0,0
1934,101,5,0,1,0,0,0,0
1935,5,101,0,1,0,0,0,0
1936,92,196,0,1,0,0,0,0
1937,196,92,0,1,0,0,0,0
1938,82,198,0,1,0,0,0,0
1939,198,82,0,1,0,0,0,0
1940,75,193,0,1,0,0,0,0
1941,193,75,0,1,0,0,0,0
1942,59,15,0,1,0,0,0,0
1943,15,59,0,1,0,0,0,0
1944,51,71,0,1,0,0,0,0
1945,71,51,0,1,0,0,0,0
1946,48,164,0,1,0,0,0,0
1947,164,48,0,1,0,0,0,0
1948,40,179,0,1,0,0,0,0
1949,179,40,0,1,0,0,0,0
1950,7,165,0,1,0,0,0,0
1951,165,7,0,1,0,0,0,0
1952,178,42,0,1,0,0,0,0
1953,42,178,0,1,0,0,0,0
1954,166,33,0,1,0,0,0,0
1955,33,166,0,1,0,0,0,0
1956,156,17,0,1,0,0,0,0
1957,17,156,0,1,0,0,0,0
1958,154,27,0,1,0,0,0,0
1959,27,154,0,1,0,0,0,0
1960,27,129,0,1,0,0,0,0
1961,129,27,0,1,0,0,0,0
1962,135,154,0,1,0,0,0,0
1963,154,135,0,1,0,0,0,0
1964,129,123,0,1,0,0,0,0
1965,123,129,0,1,0,0,0,0
1966,116,163,0,1,0,0,0,0
1967,163,116,0,1,0,0,0,0
1968,113,130,0,1,0,0,0,0
1969,130,113,0,1,0,0,0,0
1970,90,189,0,1,0,0,0,0
1971,189,90,0,1,0,0,0,0
1972,86,1,0,1,0,0,0,0
1973,1,86,0,1,0,0,0,0
1974,76,168,0,1,0,0,0,0
1975,168,76,0,1,0,0,0,0
1976,73,25,0,1,0,0,0,0
1977,25,73,0,1,0,0,0,0
1978,69,74,0,1,0,0,0,0
1979,74,69,0,1,0,0,0,0
1980,63,75,0,1,0,0,0,0
1981,75,63,0,1,0,0,0,0
1982,45,20,0,1,0,0,0,0
1983,20,45,0,1,0,0,0,0
1984,37,151,0,1,0,0,0,0
1985,151,37,0,1,0,0,0,0
1986,35,64,0,1,0,0,0,0
1987,64,35,0,1,0,0,0,0
1988,33,89,0,1,0,0,0,0
1989,89,33,0,1,0,0,0,0
1990,16,40,0,1,0,0,0,0
1991,40,16,0,1,0,0,0,0
1992,14,121,0,1,0,0,0,0
1993,121,14,0,1,0,0,0,0
1994,9,111,0,1,0,0,0,0
1995,111,9,0,1,0,0,0,0
1996,3,30,0,1,0,0,0,0
1997,30,3,0,1,0,0,0,0
1998,2,68,0,1,0,0,0,0
1999,68,2,0,1,0,0,0,0
2000,0,14,0,1,0,0,0,0
2001,14,0,0,1,0,0,0,0
2002,14,149,0,1,0,0,0,0
2003,149,14,0,1,0,0,0,0
2004,199,175,0,1,0,0,0,0
2005,175,199,0,1,0,0,0,0
2006,175,135,0,1,0,0,0,0
2007,135,175,0,1,0,0,0,0
2008,198,12,0,1,0,0,0,0
2009,12,198,0,1,0,0,0,0
2010,12,125,0,1,0,0,0,0
2011,125,12,0,1,0,0,0,0
2012,197,37,0,1,0,0,0,0
2013,37,197,0,1,0,0,0,0
2014,37,196,0,1,0,0,0,0
2015,196,37,0,1,0,0,0,0
2016,196,11,0,1,0,0,0,0
2017,11,196,0,1,0,0,0,0
2018,194,95,0,1,0,0,0,0
2019,95,194,0,1,0,0,0,0
2020,95,121,0,1,0,0,0,0
2021,121,95,0,1,0,0,0,0
2022,191,34,0,1,0,0,0,0
2023,34,191,0,1,0,0,0,0
2024,189,141,0,1,0,0,0,0
2025,141,189,0,1,0,0,0,0
2026,141,36,0,1,0,0,0,0
2027,36,141,0,1,0,0,0,0
2028,187,189,0,1,0,0,0,0
2029,189,187,0,1,0,0,0,0
2030,185,120,0,1,0,0,0,0
2031,120,185,0,1,0,0,0,0
2032,183,27,0,1,0,0,0,0
2033,27,183,0,1,0,0,0,0
2034,27,51,0,1,0,0,0,0
2035,51,27,0,1,0,0,0,0
2036,178,66,0,1,0,0,0,0
2037,66,178,0,1,0,0,0,0
2038,176,72,0,1,0,0,0,0
2039,72,176,0,1,0,0,0,0
2040,172,132,0,1,0,0,0,0
2041,132,172,0,1,0,0,0,0
2042,171,123,0,1,0,0,0,0
2043,123,171,0,1,0,0,0,0
2044,168,190,0,1,0,0,0,0
2045,190,168,0,1,0,0,0,0
2046,190,64,0,1,0,0,0,0
2047,64,190,0,1,0,0,0,0
2048,167,82,0,1,0,0,0,0
2049,82,167,0,1,0,0,0,0
2050,82,154,0,1,0,0,0,0
2051,154,82,0,1,0,0,0,0
2052,166,101,0,1,0,0,0,0
2053,101,166,0,1,0,0,0,0
2054,162,193,0,1,0,0,0,0
2055,193,162,0,1,0,0,0,0
2056,193,79,0,1,0,0,0,0
2057,79,193,0,1,0,0,0,0
2058,161,48,0,1,0,0,0,0
2059,48,161,0,1,0,0,0,0
2060,153,63,0,1,0,0,0,0
2061,63,153,0,1,0,0,0,0
2062,134,49,0,1,0,0,0,0
2063,49,134,0,1,0,0,0,0
2064,132,31,0,1,0,0,0,0
2065,31,132,0,1,0,0,0,0
2066,126,152,0,1,0,0,0,0
2067,152,126,0,1,0,0,0,0
2068,152,179,0,1,0,0,0,0
2069,179,152,0,1,0,0,0,0
2070,122,87,0,1,0,0,0,0
2071,87,122,0,1,0,0,0,0
2072,120,180,0,1,0,0,0,0
2073,180,120,0,1,0,0,0,0
2074,117,45,0,1,0,0,0,0
2075,45,117,0,1,0,0,0,0
2076,116,105,0,1,0,0,0,0
2077,105,116,0,1,0,0,0,0
2078,109,54,0,1,0,0,0,0
2079,54,109,0,1,0,0,0,0
2080,107,181,0,1,0,0,0,0
2081,181,107,0,1,0,0,0,0
2082,99,173,0,1,0,0,0,0
2083,173,99,0,1,0,0,0,0
2084,89,10,0,1,0,0,0,0
2085,10,89,0,1,0,0,0,0
2086,80,83,0,1,0,0,0,0
2087,83,80,0,1,0,0,0,0
2088,83,124,0,1,0,0,0,0
2089,124,83,0,1,0,0,0,0
2090,76,42,0,1,0,0,0,0
2091,42,76,0,1,0,0,0,0
2092,67,111,0,1,0,0,0,0
2093,111,67,0,1,0,0,0,0
2094,111,94,0,1,0,0,0,0
2095,94,111,0,1,0,0,0,0
2096,45,130,0,1,0,0,0,0
2097,130,45,0,1,0,0,0,0
2098,34,39,0,1,0,0,0,0
2099,39,34,0,1,0,0,0,0
2100,33,52,0,1,0,0,0,0
2101,52,33,0,1,0,0,0,0
2102,17,170,0,1,0,0,0,0
2103,170,17,0,1,0,0,0,0
2104,188,131,0,1,0,0,0,0
2105,131,188,0,1,0,0,0,0
2106,181,93,0,1,0,0,0,0
2107,93,181,0,1,0,0,0,0
2108,170,157,0,1,0,0,0,0
2109,157,170,0,1,0,0,0,0
2110,157,35,0,1,0,0,0,0
2111,35,157,0,1,0,0,0,0
2112,144,92,0,1,0,0,0,0
2113,92,144,0,1,0,0,0,0
2114,123,46,0,1,0,0,0,0
2115,46,123,0,1,0,0,0,0
2116,119,153,0,1,0,0,0,0
2117,153,119,0,1,0,0,0,0
2118,105,80,0,1,0,0,0,0
2119,80,105,0,1,0,0,0,0
2120,59,61,0,1,0,0,0,0
2121,61,59,0,1,0,0,0,0
2122,56,89,0,1,0,0,0,0
2123,89,56,0,1,0,0,0,0
2124,54,164,0,1,0,0,0,0
2125,164,54,0,1,0,0,0,0
2126,13,160,0,1,0,0,0,0
2127,160,13,0,1,0,0,0,0
2128,2,187,0,1,0,0,0,0
2129,187,2,0,1,0,0,0,0
2130,177,128,0,1,0,0,0,0
2131,128,177,0,1,0,0,0,0
2132,173,55,0,1,0,0,0,0
2133,55,173,0,1,0,0,0,0
2134,158,70,0,1,0,0,0,0
2135,70,158,0,1,0,0,0,0
2136,135,199,0,1,0,0,0,0
2137,199,135,0,1,0,0,0,0
2138,101,122,0,1,0,0,0,0
2139,122,101,0,1,0,0,0,0
2140,92,114,0,1,0,0,0,0
2141,114,92,0,1,0,0,0,0
2142,86,88,0,1,0,0,0,0
2143,88,86,0,1,0,0,0,0
2144,88,107,0,1,0,0,0,0
2145,107,88,0,1,0,0,0,0
2146,74,106,0,1,0,0,0,0
2147,106,74,0,1,0,0,0,0
2148,64,16,0,1,0,0,0,0
2149,16,64,0,1,0,0,0,0
2150,42,113,0,1,0,0,0,0
2151,113,42,0,1,0,0,0,0
2152,36,13,0,1,0,0,0,0
2153,13,36,0,1,0,0,0,0
2154,25,86,0,1,0,0,0,0
2155,86,25,0,1,0,0,0,0
2156,6,158,0,1,0,0,0,0
2157,158,6,0,1,0,0,0,0
2158,5,148,0,1,0,0,0,0
2159,148,5,0,1,0,0,0,0
2160,4,126,0,1,0,0,0,0
2161,126,4,0,1,0,0,0,0
2162,165,43,0,1,0,0,0,0
2163,43,165,0,1,0,0,0,0
2164,163,115,0,1,0,0,0,0
2165,115,163,0,1,0,0,0,0
2166,159,58,0,1,0,0,0,0
2167,58,159,0,1,0,0,0,0
2168,58,166,0,1,0,0,0,0
2169,166,58,0,1,0,0,0,0
2170,125,144,0,1,0,0,0,0
2171,144,125,0,1,0,0,0,0
2172,102,6,0,1,0,0,0,0
2173,6,102,0,1,0,0,0,0
2174,81,129,0,1,0,0,0,0
2175,129,81,0,1,0,0,0,0
2176,73,41,0,1,0,0,0,0
2177,41,73,0,1,0,0,0,0
2178,49,75,0,1,0,0,0,0
2179,75,49,0,1,0,0,0,0
2180,35,53,0,1,0,0,0,0
2181,53,35,0,1,0,0,0,0
2182,29,138,0,1,0,0,0,0
2183,138,29,0,1,0,0,0,0
2184,138,40,0,1,0,0,0,0
2185,40,138,0,1,0,0,0,0
2186,20,30,0,1,0,0,0,0
2187,30,20,0,1,0,0,0,0
2188,19,26,0,1,0,0,0,0
2189,26,19,0,1,0,0,0,0
2190,192,32,0,1,0,0,0,0
2191,32,192,0,1,0,0,0,0
2192,156,18,0,1,0,0,0,0
2193,18,156,0,1,0,0,0,0
2194,154,108,0,1,0,0,0,0
2195,108,154,0,1,0,0,0,0
2196,150,134,0,1,0,0,0,0
2197,134,150,0,1,0,0,0,0
2198,149,147,0,1,0,0,0,0
2199,147,149,0,1,0,0,0,0
2200,146,21,0,1,0,0,0,0
2201,21,146,0,1,0,0,0,0
2202,21,28,0,1,0,0,0,0
2203,28,21,0,1,0,0,0,0
2204,137,119,0,1,0,0,0,0
2205,119,137,0,1,0,0,0,0
2206,127,146,0,1,0,0,0,0
2207,146,127,0,1,0,0,0,0
2208,110,4,0,1,0,0,0,0
2209,4,110,0,1,0,0,0,0
2210,94,162,0,1,0,0,0,0
2211,162,94,0,1,0,0,0,0
2212,93,59,0,1,0,0,0,0
2213,59,93,0,1,0,0,0,0
2214,79,197,0,1,0,0,0,0
2215,197,79,0,1,0,0,0,0
2216,72,76,0,1,0,0,0,0
2217,76,72,0,1,0,0,0,0
2218,46,102,0,1,0,0,0,0
2219,102,46,0,1,0,0,0,0
2220,24,194,0,1,0,0,0,0
2221,194,24,0,1,0,0,0,0
2222,164,91,0,1,0,0,0,0
2223,91,164,0,1,0,0,0,0
2224,145,73,0,1,0,0,0,0
2225,73,145,0,1,0,0,0,0
2226,143,151,0,1,0,0,0,0
2227,151,143,0,1,0,0,0,0
2228,133,139,0,1,0,0,0,0
2229,139,133,0,1,0,0,0,0
2230,97,172,0,1,0,0,0,0
2231,172,97,0,1,0,0,0,0
2232,96,24,0,1,0,0,0,0
2233,24,96,0,1,0,0,0,0
2234,61,7,0,1,0,0,0,0
2235,7,61,0,1,0,0,0,0
2236,53,177,0,1,0,0,0,0
2237,177,53,0,1,0,0,0,0
2238,51,174,0,1,0,0,0,0
2239,174,51,0,1,0,0,0,0
2240,26,156,0,1,0,0,0,0
2241,156,26,0,1,0,0,0,0
2242,151,188,0,1,0,0,0,0
2243,188,151,0,1,0,0,0,0
2244,148,140,0,1,0,0,0,0
2245,140,148,0,1,0,0,0,0
2246,147,127,0,1,0,0,0,0
2247,127,147,0,1,0,0,0,0
2248,139,84,0,1,0,0,0,0
2249,84,139,0,1,0,0,0,0
2250,121,15,0,1,0,0,0,0
2251,15,121,0,1,0,0,0,0
2252,90,50,0,1,0,0,0,0
2253,50,90,0,1,0,0,0,0
2254,50,0,0,1,0,0,0,0
2255,0,50,0,1,0,0,0,0
2256,78,183,0,1,0,0,0,0
2257,183,78,0,1,0,0,0,0
2258,66,112,0,1,0,0,0,0
2259,112,66,0,1,0,0,0,0
2260,60,67,0,1,0,0,0,0
2261,67,60,0,1,0,0,0,0
2262,57,98,0,1,0,0,0,0
2263,98,57,0,1,0,0,0,0
2264,43,176,0,1,0,0,0,0
2265,176,43,0,1,0,0,0,0
2266,30,38,0,1,0,0,0,0
2267,38,30,0,1,0,0,0,0
2268,22,163,0,1,0,0,0,0
2269,163,22,0,1,0,0,0,0
2270,11,159,0,1,0,0,0,0
2271,159,11,0,1,0,0,0,0
2272,195,185,0,1,0,0,0,0
2273,185,195,0,1,0,0,0,0
2274,182,110,0,1,0,0,0,0
2275,110,182,0,1,0,0,0,0
2276,180,65,0,1,0,0,0,0
2277,65,180,0,1,0,0,0,0
2278,136,182,0,1,0,0,0,0
2279,182,136,0,1,0,0,0,0
2280,130,3,0,1,0,0,0,0
2281,3,130,0,1,0,0,0,0
2282,114,71,0,1,0,0,0,0
2283,71,114,0,1,0,0,0,0
2284,113,44,0,1,0,0,0,0
2285,44,113,0,1,0,0,0,0
2286,104,56,0,1,0,0,0,0
2287,56,104,0,1,0,0,0,0
2288,103,186,0,1,0,0,0,0
2289,186,103,0,1,0,0,0,0
2290,186,109,0,1,0,0,0,0
2291,109,186,0,1,0,0,0,0
2292,100,99,0,1,0,0,0,0
2293,99,100,0,1,0,0,0,0
2294,98,184,0,1,0,0,0,0
2295,184,98,0,1,0,0,0,0
2296,84,8,0,1,0,0,0,0
2297,8,84,0,1,0,0,0,0
2298,71,1,0,1,0,0,0,0
2299,1,71,0,1,0,0,0,0
2300,62,145,0,1,0,0,0,0
2301,145,62,0,1,0,0,0,0
2302,47,81,0,1,0,0,0,0
2303,81,47,0,1,0,0,0,0
2304,44,23,0,1,0,0,0,0
2305,23,44,0,1,0,0,0,0
2306,41,47,0,1,0,0,0,0
2307,47,41,0,1,0,0,0,0
2308,38,155,0,1,0,0,0,0
2309,155,38,0,1,0,0,0,0
2310,8,133,0,1,0,0,0,0
2311,133,8,0,1,0,0,0,0
2312,112,165,0,1,0,0,0,0
2313,165,112,0,1,0,0,0,0
2314,106,2,0,1,0,0,0,0
2315,2,106,0,1,0,0,0,0
2316,91,5,0,1,0,0,0,0
2317,5,91,0,1,0,0,0,0
2318,77,90,0,1,0,0,0,0
2319,90,77,0,1,0,0,0,0
2320,70,19,0,1,0,0,0,0
2321,19,70,0,1,0,0,0,0
2322,69,60,0,1,0,0,0,0
2323,60,69,0,1,0,0,0,0
2324,63,100,0,1,0,0,0,0
2325,100,63,0,1,0,0,0,0
2326,15,25,0,1,0,0,0,0
2327,25,15,0,1,0,0,0,0
2328,184,62,0,1,0,0,0,0
2329,62,184,0,1,0,0,0,0
2330,179,104,0,1,0,0,0,0
2331,104,179,0,1,0,0,0,0
2332,169,97,0,1,0,0,0,0
2333,97,169,0,1,0,0,0,0
2334,160,96,0,1,0,0,0,0
2335,96,160,0,1,0,0,0,0
2336,140,74,0,1,0,0,0,0
2337,74,140,0,1,0,0,0,0
2338,128,137,0,1,0,0,0,0
2339,137,128,0,1,0,0,0,0
2340,124,85,0,1,0,0,0,0
2341,85,124,0,1,0,0,0,0
2342,118,191,0,1,0,0,0,0
2343,191,118,0,1,0,0,0,0
2344,108,169,0,1,0,0,0,0
2345,169,108,0,1,0,0,0,0
2346,87,178,0,1,0,0,0,0
2347,178,87,0,1,0,0,0,0
2348,85,77,0,1,0,0,0,0
2349,77,85,0,1,0,0,0,0
2350,52,68,0,1,0,0,0,0
2351,68,52,0,1,0,0,0,0
2352,48,143,0,1,0,0,0,0
2353,143,48,0,1,0,0,0,0
2354,40,33,0,1,0,0,0,0
2355,33,40,0,1,0,0,0,0
2356,39,171,0,1,0,0,0,0
2357,171,39,0,1,0,0,0,0
2358,32,116,0,1,0,0,0,0
2359,116,32,0,1,0,0,0,0
2360,31,118,0,1,0,0,0,0
2361,118,31,0,1,0,0,0,0
2362,7,142,0,1,0,0,0,0
2363,142,7,0,1,0,0,0,0
2364,1,192,0,1,0,0,0,0
2365,192,1,0,1,0,0,0,0
2366,174,198,0,1,0,0,0,0
2367,198,174,0,1,0,0,0,0
2368,155,195,0,1,0,0,0,0
2369,195,155,0,1,0,0,0,0
2370,142,20,0,1,0,0,0,0
2371,20,142,0,1,0,0,0,0
2372,131,136,0,1,0,0,0,0
2373,136,131,0,1,0,0,0,0
2374,129,150,0,1,0,0,0,0
2375,150,129,0,1,0,0,0,0
2376,115,161,0,1,0,0,0,0
2377,161,115,0,1,0,0,0,0
2378,75,29,0,1,0,0,0,0
2379,29,75,0,1,0,0,0,0
2380,68,17,0,1,0,0,0,0
2381,17,68,0,1,0,0,0,0
2382,65,78,0,1,0,0,0,0
2383,78,65,0,1,0,0,0,0
2384,55,167,0,1,0,0,0,0
2385,167,55,0,1,0,0,0,0
2386,28,117,0,1,0,0,0,0
2387,117,28,0,1,0,0,0,0
2388,23,103,0,1,0,0,0,0
2389,103,23,0,1,0,0,0,0
2390,18,9,0,1,0,0,0,0
2391,9,18,0,1,0,0,0,0
2392,16,22,0,1,0,0,0,0
2393,22,16,0,1,0,0,0,0
2394,10,69,0,1,0,0,0,0
2395,69,10,0,1,0,0,0,0
2396,9,168,0,1,0,0,0,0
2397,168,9,0,1,0,0,0,0
2398,3,57,0,1,0,0,0,0
2399,57,3,0,1,0,0,0,0
2400,0,122,0,1,0,0,0,0
2401,122,0,0,1,0,0,0,0
2402,122,184,0,1,0,0,0,0
2403,184,122,0,1,0,0,0,0
2404,199,92,0,1,0,0,0,0
2405,92,199,0,1,0,0,0,0
2406,92,79,0,1,0,0,0,0
2407,79,92,0,1,0,0,0,0
2408,195,140,0,1,0,0,0,0
2409,140,195,0,1,0,0,0,0
2410,140,86,0,1,0,0,0,0
2411,86,140,0,1,0,0,0,0
2412,192,22,0,1,0,0,0,0
2413,22,192,0,1,0,0,0,0
2414,190,9,0,1,0,0,0,0
2415,9,190,0,1,0,0,0,0
2416,9,38,0,1,0,0,0,0
2417,38,9,0,1,0,0,0,0
2418,188,194,0,1,0,0,0,0
2419,194,188,0,1,0,0,0,0
2420,187,131,0,1,0,0,0,0
2421,131,187,0,1,0,0,0,0
2422,186,132,0,1,0,0,0,0
2423,132,186,0,1,0,0,0,0
2424,132,90,0,1,0,0,0,0
2425,90,132,0,1,0,0,0,0
2426,185,63,0,1,0,0,0,0
2427,63,185,0,1,0,0,0,0
2428,183,74,0,1,0,0,0,0
2429,74,183,0,1,0,0,0,0
2430,180,151,0,1,0,0,0,0
2431,151,180,0,1,0,0,0,0
2432,151,54,0,1,0,0,0,0
2433,54,151,0,1,0,0,0,0
2434,174,39,0,1,0,0,0,0
2435,39,174,0,1,0,0,0,0
2436,39,100,0,1,0,0,0,0
2437,100,39,0,1,0,0,0,0
2438,169,177,0,1,0,0,0,0
2439,177,169,0,1,0,0,0,0
2440,177,65,0,1,0,0,0,0
2441,65,177,0,1,0,0,0,0
2442,165,13,0,1,0,0,0,0
2443,13,165,0,1,0,0,0,0
2444,156,193,0,1,0,0,0,0
2445,193,156,0,1,0,0,0,0
2446,145,55,0,1,0,0,0,0
2447,55,145,0,1,0,0,0,0
2448,139,51,0,1,0,0,0,0
2449,51,139,0,1,0,0,0,0
2450,138,198,0,1,0,0,0,0
2451,198,138,0,1,0,0,0,0
2452,131,108,0,1,0,0,0,0
2453,108,131,0,1,0,0,0,0
2454,130,17,0,1,0,0,0,0
2455,17,130,0,1,0,0,0,0
2456,127,21,0,1,0,0,0,0
2457,21,127,0,1,0,0,0,0
2458,116,93,0,1,0,0,0,0
2459,93,116,0,1,0,0,0,0
2460,113,106,0,1,0,0,0,0
2461,106,113,0,1,0,0,0,0
2462,105,147,0,1,0,0,0,0
2463,147,105,0,1,0,0,0,0
2464,76,119,0,1,0,0,0,0
2465,119,76,0,1,0,0,0,0
2466,65,80,0,1,0,0,0,0
2467,80,65,0,1,0,0,0,0
2468,64,47,0,1,0,0,0,0
2469,47,64,0,1,0,0,0,0
2470,47,197,0,1,0,0,0,0
2471,197,47,0,1,0,0,0,0
2472,49,48,0,1,0,0,0,0
2473,48,49,0,1,0,0,0,0
2474,46,196,0,1,0,0,0,0
2475,196,46,0,1,0,0,0,0
2476,42,66,0,1,0,0,0,0
2477,66,42,0,1,0,0,0,0
2478,35,128,0,1,0,0,0,0
2479,128,35,0,1,0,0,0,0
2480,168,23,0,1,0,0,0,0
2481,23,168,0,1,0,0,0,0
2482,142,183,0,1,0,0,0,0
2483,183,142,0,1,0,0,0,0
2484,133,88,0,1,0,0,0,0
2485,88,133,0,1,0,0,0,0
2486,129,153,0,1,0,0,0,0
2487,153,129,0,1,0,0,0,0
2488,126,29,0,1,0,0,0,0
2489,29,126,0,1,0,0,0,0
2490,118,84,0,1,0,0,0,0
2491,84,118,0,1,0,0,0,0
2492,84,20,0,1,0,0,0,0
2493,20,84,0,1,0,0,0,0
2494,97,43,0,1,0,0,0,0
2495,43,97,0,1,0,0,0,0
2496,93,61,0,1,0,0,0,0
2497,61,93,0,1,0,0,0,0
2498,91,189,0,1,0,0,0,0
2499,189,91,0,1,0,0,0,0
2500,89,109,0,1,0,0,0,0
2501,109,89,0,1,0,0,0,0
2502,109,150,0,1,0,0,0,0
2503,150,109,0,1,0,0,0,0
2504,80,31,0,1,0,0,0,0
2505,31,80,0,1,0,0,0,0
2506,43,42,0,1,0,0,0,0
2507,42,43,0,1,0,0,0,0
2508,26,152,0,1,0,0,0,0
2509,152,26,0,1,0,0,0,0
2510,21,44,0,1,0,0,0,0
2511,44,21,0,1,0,0,0,0
2512,20,98,0,1,0,0,0,0
2513,98,20,0,1,0,0,0,0
2514,17,135,0,1,0,0,0,0
2515,135,17,0,1,0,0,0,0
2516,166,125,0,1,0,0,0,0
2517,125,166,0,1,0,0,0,0
2518,158,136,0,1,0,0,0,0
2519,136,158,0,1,0,0,0,0
2520,136,49,0,1,0,0,0,0
2521,49,136,0,1,0,0,0,0
2522,152,158,0,1,0,0,0,0
2523,158,152,0,1,0,0,0,0
2524,149,12,0,1,0,0,0,0
2525,12,149,0,1,0,0,0,0
2526,121,192,0,1,0,0,0,0
2527,192,121,0,1,0,0,0,0
2528,110,186,0,1,0,0,0,0
2529,186,110,0,1,0,0,0,0
2530,96,0,0,1,0,0,0,0
2531,0,96,0,1,0,0,0,0
2532,90,120,0,1,0,0,0,0
2533,120,90,0,1,0,0,0,0
2534,85,1,0,1,0,0,0,0
2535,1,85,0,1,0,0,0,0
2536,55,96,0,1,0,0,0,0
2537,96,55,0,1,0,0,0,0
2538,28,144,0,1,0,0,0,0
2539,144,28,0,1,0,0,0,0
2540,19,27,0,1,0,0,0,0
2541,27,19,0,1,0,0,0,0
2542,12,19,0,1,0,0,0,0
2543,19,12,0,1,0,0,0,0
2544,193,195,0,1,0,0,0,0
2545,195,193,0,1,0,0,0,0
2546,173,181,0,1,0,0,0,0
2547,181,173,0,1,0,0,0,0
2548,150,60,0,1,0,0,0,0
2549,60,150,0,1,0,0,0,0
2550,148,133,0,1,0,0,0,0
2551,133,148,0,1,0,0,0,0
2552,124,94,0,1,0,0,0,0
2553,94,124,0,1,0,0,0,0
2554,99,114,0,1,0,0,0,0
2555,114,99,0,1,0,0,0,0
2556,94,168,0,1,0,0,0,0
2557,168,94,0,1,0,0,0,0
2558,87,82,0,1,0,0,0,0
2559,82,87,0,1,0,0,0,0
2560,52,127,0,1,0,0,0,0
2561,127,52,0,1,0,0,0,0
2562,22,154,0,1,0,0,0,0
2563,154,22,0,1,0,0,0,0
2564,7,185,0,1,0,0,0,0
2565,185,7,0,1,0,0,0,0
2566,181,18,0,1,0,0,0,0
2567,18,181,0,1,0,0,0,0
2568,164,89,0,1,0,0,0,0
2569,89,164,0,1,0,0,0,0
2570,86,28,0,1,0,0,0,0
2571,28,86,0,1,0,0,0,0
2572,73,126,0,1,0,0,0,0
2573,126,73,0,1,0,0,0,0
2574,72,67,0,1,0,0,0,0
2575,67,72,0,1,0,0,0,0
2576,68,123,0,1,0,0,0,0
2577,123,68,0,1,0,0,0,0
2578,123,15,0,1,0,0,0,0
2579,15,123,0,1,0,0,0,0
2580,58,25,0,1,0,0,0,0
2581,25,58,0,1,0,0,0,0
2582,48,130,0,1,0,0,0,0
2583,130,48,0,1,0,0,0,0
2584,40,50,0,1,0,0,0,0
2585,50,40,0,1,0,0,0,0
2586,50,113,0,1,0,0,0,0
2587,113,50,0,1,0,0,0,0
2588,6,146,0,1,0,0,0,0
2589,146,6,0,1,0,0,0,0
2590,198,40,0,1,0,0,0,0
2591,40,198,0,1,0,0,0,0
2592,191,170,0,1,0,0,0,0
2593,170,191,0,1,0,0,0,0
2594,170,139,0,1,0,0,0,0
2595,139,170,0,1,0,0,0,0
2596,175,33,0,1,0,0,0,0
2597,33,175,0,1,0,0,0,0
2598,163,41,0,1,0,0,0,0
2599,41,163,0,1,0,0,0,0
2600,146,36,0,1,0,0,0,0
2601,36,146,0,1,0,0,0,0
2602,128,124,0,1,0,0,0,0
2603,124,128,0,1,0,0,0,0
2604,114,103,0,1,0,0,0,0
2605,103,114,0,1,0,0,0,0
2606,112,83,0,1,0,0,0,0
2607,83,112,0,1,0,0,0,0
2608,108,34,0,1,0,0,0,0
2609,34,108,0,1,0,0,0,0
2610,103,129,0,1,0,0,0,0
2611,129,103,0,1,0,0,0,0
2612,100,68,0,1,0,0,0,0
2613,68,100,0,1,0,0,0,0
2614,53,191,0,1,0,0,0,0
2615,191,53,0,1,0,0,0,0
2616,37,2,0,1,0,0,0,0
2617,2,37,0,1,0,0,0,0
2618,36,157,0,1,0,0,0,0
2619,157,36,0,1,0,0,0,0
2620,33,46,0,1,0,0,0,0
2621,46,33,0,1,0,0,0,0
2622,25,62,0,1,0,0,0,0
2623,62,25,0,1,0,0,0,0
2624,5,99,0,1,0,0,0,0
2625,99,5,0,1,0,0,0,0
2626,197,134,0,1,0,0,0,0
2627,134,197,0,1,0,0,0,0
2628,179,72,0,1,0,0,0,0
2629,72,179,0,1,0,0,0,0
2630,83,102,0,1,0,0,0,0
2631,102,83,0,1,0,0,0,0
2632,69,172,0,1,0,0,0,0
2633,172,69,0,1,0,0,0,0
2634,61,165,0,1,0,0,0,0
2635,165,61,0,1,0,0,0,0
2636,54,37,0,1,0,0,0,0
2637,37,54,0,1,0,0,0,0
2638,41,145,0,1,0,0,0,0
2639,145,41,0,1,0,0,0,0
2640,32,166,0,1,0,0,0,0
2641,166,32,0,1,0,0,0,0
2642,30,179,0,1,0,0,0,0
2643,179,30,0,1,0,0,0,0
2644,1,78,0,1,0,0,0,0
2645,78,1,0,1,0,0,0,0
2646,182,81,0,1,0,0,0,0
2647,81,182,0,1,0,0,0,0
2648,178,167,0,1,0,0,0,0
2649,167,178,0,1,0,0,0,0
2650,167,182,0,1,0,0,0,0
2651,182,167,0,1,0,0,0,0
2652,161,35,0,1,0,0,0,0
2653,35,161,0,1,0,0,0,0
2654,135,178,0,1,0,0,0,0
2655,178,135,0,1,0,0,0,0
2656,134,24,0,1,0,0,0,0
2657,24,134,0,1,0,0,0,0
2658,98,171,0,1,0,0,0,0
2659,171,98,0,1,0,0,0,0
2660,95,77,0,1,0,0,0,0
2661,77,95,0,1,0,0,0,0
2662,44,110,0,1,0,0,0,0
2663,110,44,0,1,0,0,0,0
2664,29,16,0,1,0,0,0,0
2665,16,29,0,1,0,0,0,0
2666,18,7,0,1,0,0,0,0
2667,7,18,0,1,0,0,0,0
2668,172,53,0,1,0,0,0,0
2669,53,172,0,1,0,0,0,0
2670,171,97,0,1,0,0,0,0
2671,97,171,0,1,0,0,0,0
2672,160,76,0,1,0,0,0,0
2673,76,160,0,1,0,0,0,0
2674,147,64,0,1,0,0,0,0
2675,64,147,0,1,0,0,0,0
2676,117,142,0,1,0,0,0,0
2677,142,117,0,1,0,0,0,0
2678,81,70,0,1,0,0,0,0
2679,70,81,0,1,0,0,0,0
2680,74,137,0,1,0,0,0,0
2681,137,74,0,1,0,0,0,0
2682,11,115,0,1,0,0,0,0
2683,115,11,0,1,0,0,0,0
2684,115,107,0,1,0,0,0,0
2685,107,115,0,1,0,0,0,0
2686,3,32,0,1,0,0,0,0
2687,32,3,0,1,0,0,0,0
2688,196,175,0,1,0,0,0,0
2689,175,196,0,1,0,0,0,0
2690,189,188,0,1,0,0,0,0
2691,188,189,0,1,0,0,0,0
2692,159,163,0,1,0,0,0,0
2693,163,159,0,1,0,0,0,0
2694,155,164,0,1,0,0,0,0
2695,164,155,0,1,0,0,0,0
2696,154,3,0,1,0,0,0,0
2697,3,154,0,1,0,0,0,0
2698,143,59,0,1,0,0,0,0
2699,59,143,0,1,0,0,0,0
2700,137,111,0,1,0,0,0,0
2701,111,137,0,1,0,0,0,0
2702,120,148,0,1,0,0,0,0
2703,148,120,0,1,0,0,0,0
2704,78,10,0,1,0,0,0,0
2705,10,78,0,1,0,0,0,0
2706,71,8,0,1,0,0,0,0
2707,8,71,0,1,0,0,0,0
2708,70,112,0,1,0,0,0,0
2709,112,70,0,1,0,0,0,0
2710,63,160,0,1,0,0,0,0
2711,160,63,0,1,0,0,0,0
2712,60,190,0,1,0,0,0,0
2713,190,60,0,1,0,0,0,0
2714,59,4,0,1,0,0,0,0
2715,4,59,0,1,0,0,0,0
2716,51,155,0,1,0,0,0,0
2717,155,51,0,1,0,0,0,0
2718,45,161,0,1,0,0,0,0
2719,161,45,0,1,0,0,0,0
2720,24,162,0,1,0,0,0,0
2721,162,24,0,1,0,0,0,0
2722,10,159,0,1,0,0,0,0
2723,159,10,0,1,0,0,0,0
2724,176,101,0,1,0,0,0,0
2725,101,176,0,1,0,0,0,0
2726,144,156,0,1,0,0,0,0
2727,156,144,0,1,0,0,0,0
2728,104,116,0,1,0,0,0,0
2729,116,104,0,1,0,0,0,0
2730,102,58,0,1,0,0,0,0
2731,58,102,0,1,0,0,0,0
2732,101,75,0,1,0,0,0,0
2733,75,101,0,1,0,0,0,0
2734,79,87,0,1,0,0,0,0
2735,87,79,0,1,0,0,0,0
2736,77,30,0,1,0,0,0,0
2737,30,77,0,1,0,0,0,0
2738,34,14,0,1,0,0,0,0
2739,14,34,0,1,0,0,0,0
2740,15,199,0,1,0,0,0,0
2741,199,15,0,1,0,0,0,0
2742,14,138,0,1,0,0,0,0
2743,138,14,0,1,0,0,0,0
2744,2,57,0,1,0,0,0,0
2745,57,2,0,1,0,0,0,0
2746,194,56,0,1,0,0,0,0
2747,56,194,0,1,0,0,0,0
2748,162,187,0,1,0,0,0,0
2749,187,162,0,1,0,0,0,0
2750,141,45,0,1,0,0,0,0
2751,45,141,0,1,0,0,0,0
2752,107,173,0,1,0,0,0,0
2753,173,107,0,1,0,0,0,0
2754,88,6,0,1,0,0,0,0
2755,6,88,0,1,0,0,0,0
2756,75,149,0,1,0,0,0,0
2757,149,75,0,1,0,0,0,0
2758,66,143,0,1,0,0,0,0
2759,143,66,0,1,0,0,0,0
2760,62,26,0,1,0,0,0,0
2761,26,62,0,1,0,0,0,0
2762,56,180,0,1,0,0,0,0
2763,180,56,0,1,0,0,0,0
2764,38,71,0,1,0,0,0,0
2765,71,38,0,1,0,0,0,0
2766,31,176,0,1,0,0,0,0
2767,176,31,0,1,0,0,0,0
2768,16,104,0,1,0,0,0,0
2769,104,16,0,1,0,0,0,0
2770,184,69,0,1,0,0,0,0
2771,69,184,0,1,0,0,0,0
2772,157,85,0,1,0,0,0,0
2773,85,157,0,1,0,0,0,0
2774,153,174,0,1,0,0,0,0
2775,174,153,0,1,0,0,0,0
2776,125,121,0,1,0,0,0,0
2777,121,125,0,1,0,0,0,0
2778,119,169,0,1,0,0,0,0
2779,169,119,0,1,0,0,0,0
2780,111,105,0,1,0,0,0,0
2781,105,111,0,1,0,0,0,0
2782,106,118,0,1,0,0,0,0
2783,118,106,0,1,0,0,0,0
2784,82,141,0,1,0,0,0,0
2785,141,82,0,1,0,0,0,0
2786,67,95,0,1,0,0,0,0
2787,95,67,0,1,0,0,0,0
2788,57,91,0,1,0,0,0,0
2789,91,57,0,1,0,0,0,0
2790,27,73,0,1,0,0,0,0
2791,73,27,0,1,0,0,0,0
2792,23,11,0,1,0,0,0,0
2793,11,23,0,1,0,0,0,0
2794,13,117,0,1,0,0,0,0
2795,117,13,0,1,0,0,0,0
2796,8,5,0,1,0,0,0,0
2797,5,8,0,1,0,0,0,0
2798,4,52,0,1,0,0,0,0
2799,52,4,0,1,0,0,0,0
2800,0,118,0,1,0,0,0,0
2801,118,0,0,1,0,0,0,0
2802,118,129,0,1,0,0,0,0
2803,129,118,0,1,0,0,0,0
2804,199,130,0,1,0,0,0,0
2805,130,199,0,1,0,0,0,0
2806,130,49,0,1,0,0,0,0
2807,49,130,0,1,0,0,0,0
2808,198,72,0,1,0,0,0,0
2809,72,198,0,1,0,0,0,0
2810,197,152,0,1,0,0,0,0
2811,152,197,0,1,0,0,0,0
2812,196,53,0,1,0,0,0,0
2813,53,196,0,1,0,0,0,0
2814,53,20,0,1,0,0,0,0
2815,20,53,0,1,0,0,0,0
2816,194,119,0,1,0,0,0,0
2817,119,194,0,1,0,0,0,0
2818,119,147,0,1,0,0,0,0
2819,147,119,0,1,0,0,0,0
2820,192,91,0,1,0,0,0,0
2821,91,192,0,1,0,0,0,0
2822,91,78,0,1,0,0,0,0
2823,78,91,0,1,0,0,0,0
2824,186,194,0,1,0,0,0,0
2825,194,186,0,1,0,0,0,0
2826,184,180,0,1,0,0,0,0
2827,180,184,0,1,0,0,0,0
2828,180,191,0,1,0,0,0,0
2829,191,180,0,1,0,0,0,0
2830,181,17,0,1,0,0,0,0
2831,17,181,0,1,0,0,0,0
2832,173,94,0,1,0,0,0,0
2833,94,173,0,1,0,0,0,0
2834,166,44,0,1,0,0,0,0
2835,44,166,0,1,0,0,0,0
2836,165,139,0,1,0,0,0,0
2837,139,165,0,1,0,0,0,0
2838,163,101,0,1,0,0,0,0
2839,101,163,0,1,0,0,0,0
2840,160,116,0,1,0,0,0,0
2841,116,160,0,1,0,0,0,0
2842,116,127,0,1,0,0,0,0
2843,127,116,0,1,0,0,0,0
2844,148,38,0,1,0,0,0,0
2845,38,148,0,1,0,0,0,0
2846,38,128,0,1,0,0,0,0
2847,128,38,0,1,0,0,0,0
2848,144,172,0,1,0,0,0,0
2849,172,144,0,1,0,0,0,0
2850,139,98,0,1,0,0,0,0
2851,98,139,0,1,0,0,0,0
2852,128,151,0,1,0,0,0,0
2853,151,128,0,1,0,0,0,0
2854,117,64,0,1,0,0,0,0
2855,64,117,0,1,0,0,0,0
2856,108,84,0,1,0,0,0,0
2857,84,108,0,1,0,0,0,0
2858,107,122,0,1,0,0,0,0
2859,122,107,0,1,0,0,0,0
2860,102,196,0,1,0,0,0,0
2861,196,102,0,1,0,0,0,0
2862,96,174,0,1,0,0,0,0
2863,174,96,0,1,0,0,0,0
2864,174,52,0,1,0,0,0,0
2865,52,174,0,1,0,0,0,0
2866,90,88,0,1,0,0,0,0
2867,88,90,0,1,0,0,0,0
2868,88,159,0,1,0,0,0,0
2869,159,88,0,1,0,0,0,0
2870,85,10,0,1,0,0,0,0
2871,10,85,0,1,0,0,0,0
2872,83,67,0,1,0,0,0,0
2873,67,83,0,1,0,0,0,0
2874,73,28,0,1,0,0,0,0
2875,28,73,0,1,0,0,0,0
2876,44,18,0,1,0,0,0,0
2877,18,44,0,1,0,0,0,0
2878,17,47,0,1,0,0,0,0
2879,47,17,0,1,0,0,0,0
2880,15,115,0,1,0,0,0,0
2881,115,15,0,1,0,0,0,0
2882,195,192,0,1,0,0,0,0
2883,192,195,0,1,0,0,0,0
2884,193,29,0,1,0,0,0,0
2885,29,193,0,1,0,0,0,0
2886,183,56,0,1,0,0,0,0
2887,56,183,0,1,0,0,0,0
2888,182,3,0,1,0,0,0,0
2889,3,182,0,1,0,0,0,0
2890,3,6,0,1,0,0,0,0
2891,6,3,0,1,0,0,0,0
2892,162,35,0,1,0,0,0,0
2893,35,162,0,1,0,0,0,0
2894,141,150,0,1,0,0,0,0
2895,150,141,0,1,0,0,0,0
2896,136,108,0,1,0,0,0,0
2897,108,136,0,1,0,0,0,0
2898,123,74,0,1,0,0,0,0
2899,74,123,0,1,0,0,0,0
2900,115,175,0,1,0,0,0,0
2901,175,115,0,1,0,0,0,0
2902,110,126,0,1,0,0,0,0
2903,126,110,0,1,0,0,0,0
2904,101,62,0,1,0,0,0,0
2905,62,101,0,1,0,0,0,0
2906,98,73,0,1,0,0,0,0
2907,73,98,0,1,0,0,0,0
2908,94,23,0,1,0,0,0,0
2909,23,94,0,1,0,0,0,0
2910,77,37,0,1,0,0,0,0
2911,37,77,0,1,0,0,0,0
2912,63,42,0,1,0,0,0,0
2913,42,63,0,1,0,0,0,0
2914,49,63,0,1,0,0,0,0
2915,63,49,0,1,0,0,0,0
2916,171,93,0,1,0,0,0,0
2917,93,171,0,1,0,0,0,0
2918,93,70,0,1,0,0,0,0
2919,70,93,0,1,0,0,0,0
2920,74,57,0,1,0,0,0,0
2921,57,74,0,1,0,0,0,0
2922,55,27,0,1,0,0,0,0
2923,27,55,0,1,0,0,0,0
2924,42,65,0,1,0,0,0,0
2925,65,42,0,1,0,0,0,0
2926,36,144,0,1,0,0,0,0
2927,144,36,0,1,0,0,0,0
2928,22,185,0,1,0,0,0,0
2929,185,22,0,1,0,0,0,0
2930,190,169,0,1,0,0,0,0
2931,169,190,0,1,0,0,0,0
2932,187,134,0,1,0,0,0,0
2933,134,187,0,1,0,0,0,0
2934,152,153,0,1,0,0,0,0
2935,153,152,0,1,0,0,0,0
2936,149,45,0,1,0,0,0,0
2937,45,149,0,1,0,0,0,0
2938,142,80,0,1,0,0,0,0
2939,80,142,0,1,0,0,0,0
2940,134,135,0,1,0,0,0,0
2941,135,134,0,1,0,0,0,0
2942,121,2,0,1,0,0,0,0
2943,2,121,0,1,0,0,0,0
2944,71,131,0,1,0,0,0,0
2945,131,71,0,1,0,0,0,0
2946,28,50,0,1,0,0,0,0
2947,50,28,0,1,0,0,0,0
2948,13,155,0,1,0,0,0,0
2949,155,13,0,1,0,0,0,0
2950,12,162,0,1,0,0,0,0
2951,162,12,0,1,0,0,0,0
2952,10,54,0,1,0,0,0,0
2953,54,10,0,1,0,0,0,0
2954,157,199,0,1,0,0,0,0
2955,199,157,0,1,0,0,0,0
2956,132,12,0,1,0,0,0,0
2957,12,132,0,1,0,0,0,0
2958,103,106,0,1,0,0,0,0
2959,106,103,0,1,0,0,0,0
2960,97,186,0,1,0,0,0,0
2961,186,97,0,1,0,0,0,0
2962,87,121,0,1,0,0,0,0
2963,121,87,0,1,0,0,0,0
2964,60,77,0,1,0,0,0,0
2965,77,60,0,1,0,0,0,0
2966,46,89,0,1,0,0,0,0
2967,89,46,0,1,0,0,0,0
2968,23,190,0,1,0,0,0,0
2969,190,23,0,1,0,0,0,0
2970,179,82,0,1,0,0,0,0
2971,82,179,0,1,0,0,0,0
2972,138,11,0,1,0,0,0,0
2973,11,138,0,1,0,0,0,0
2974,126,109,0,1,0,0,0,0
2975,109,126,0,1,0,0,0,0
2976,100,86,0,1,0,0,0,0
2977,86,100,0,1,0,0,0,0
2978,99,157,0,1,0,0,0,0
2979,157,99,0,1,0,0,0,0
2980,86,41,0,1,0,0,0,0
2981,41,86,0,1,0,0,0,0
2982,82,61,0,1,0,0,0,0
2983,61,82,0,1,0,0,0,0
2984,80,133,0,1,0,0,0,0
2985,133,80,0,1,0,0,0,0
2986,79,13,0,1,0,0,0,0
2987,13,79,0,1,0,0,0,0
2988,69,31,0,1,0,0,0,0
2989,31,69,0,1,0,0,0,0
2990,40,8,0,1,0,0,0,0
2991,8,40,0,1,0,0,0,0
2992,39,4,0,1,0,0,0,0
2993,4,39,0,1,0,0,0,0
2994,26,16,0,1,0,0,0,0
2995,16,26,0,1,0,0,0,0
2996,16,160,0,1,0,0,0,0
2997,160,16,0,1,0,0,0,0
2998,11,46,0,1,0,0,0,0
2999,46,11,0,1,0,0,0,0
3000,6,24,0,1,0,0,0,0
3001,24,6,0,1,0,0,0,0
3002,189,132,0,1,0,0,0,0
3003,132,189,0,1,0,0,0,0
3004,167,171,0,1,0,0,0,0
3005,171,167,0,1,0,0,0,0
3006,151,48,0,1,0,0,0,0
3007,48,151,0,1,0,0,0,0
3008,131,96,0,1,0,0,0,0
3009,96,131,0,1,0,0,0,0
3010,66,176,0,1,0,0,0,0
3011,176,66,0,1,0,0,0,0
3012,65,90,0,1,0,0,0,0
3013,90,65,0,1,0,0,0,0
3014,62,124,0,1,0,0,0,0
3015,124,62,0,1,0,0,0,0
3016,56,99,0,1,0,0,0,0
3017,99,56,0,1,0,0,0,0
3018,27,5,0,1,0,0,0,0
3019,5,27,0,1,0,0,0,0
3020,18,143,0,1,0,0,0,0
3021,143,18,0,1,0,0,0,0
3022,14,197,0,1,0,0,0,0
3023,197,14,0,1,0,0,0,0
3024,4,142,0,1,0,0,0,0
3025,142,4,0,1,0,0,0,0
3026,185,68,0,1,0,0,0,0
3027,68,185,0,1,0,0,0,0
3028,169,1,0,1,0,0,0,0
3029,1,169,0,1,0,0,0,0
3030,135,34,0,1,0,0,0,0
3031,34,135,0,1,0,0,0,0
3032,124,177,0,1,0,0,0,0
3033,177,124,0,1,0,0,0,0
3034,81,113,0,1,0,0,0,0
3035,113,81,0,1,0,0,0,0
3036,45,158,0,1,0,0,0,0
3037,158,45,0,1,0,0,0,0
3038,21,76,0,1,0,0,0,0
3039,76,21,0,1,0,0,0,0
3040,177,15,0,1,0,0,0,0
3041,15,177,0,1,0,0,0,0
3042,170,40,0,1,0,0,0,0
3043,40,170,0,1,0,0,0,0
3044,159,148,0,1,0,0,0,0
3045,148,159,0,1,0,0,0,0
3046,155,182,0,1,0,0,0,0
3047,182,155,0,1,0,0,0,0
3048,122,125,0,1,0,0,0,0
3049,125,122,0,1,0,0,0,0
3050,112,146,0,1,0,0,0,0
3051,146,112,0,1,0,0,0,0
3052,89,105,0,1,0,0,0,0
3053,105,89,0,1,0,0,0,0
3054,67,165,0,1,0,0,0,0
3055,165,67,0,1,0,0,0,0
3056,58,149,0,1,0,0,0,0
3057,149,58,0,1,0,0,0,0
3058,32,66,0,1,0,0,0,0
3059,66,32,0,1,0,0,0,0
3060,9,138,0,1,0,0,0,0
3061,138,9,0,1,0,0,0,0
3062,153,32,0,1,0,0,0,0
3063,32,153,0,1,0,0,0,0
3064,146,140,0,1,0,0,0,0
3065,140,146,0,1,0,0,0,0
3066,140,167,0,1,0,0,0,0
3067,167,140,0,1,0,0,0,0
3068,129,102,0,1,0,0,0,0
3069,102,129,0,1,0,0,0,0
3070,72,156,0,1,0,0,0,0
3071,156,72,0,1,0,0,0,0
3072,70,60,0,1,0,0,0,0
3073,60,70,0,1,0,0,0,0
3074,35,92,0,1,0,0,0,0
3075,92,35,0,1,0,0,0,0
3076,34,178,0,1,0,0,0,0
3077,178,34,0,1,0,0,0,0
3078,31,85,0,1,0,0,0,0
3079,85,31,0,1,0,0,0,0
3080,191,9,0,1,0,0,0,0
3081,9,191,0,1,0,0,0,0
3082,172,71,0,1,0,0,0,0
3083,71,172,0,1,0,0,0,0
3084,156,181,0,1,0,0,0,0
3085,181,156,0,1,0,0,0,0
3086,154,55,0,1,0,0,0,0
3087,55,154,0,1,0,0,0,0
3088,137,36,0,1,0,0,0,0
3089,36,137,0,1,0,0,0,0
3090,127,58,0,1,0,0,0,0
3091,58,127,0,1,0,0,0,0
3092,125,87,0,1,0,0,0,0
3093,87,125,0,1,0,0,0,0
3094,113,97,0,1,0,0,0,0
3095,97,113,0,1,0,0,0,0
3096,106,81,0,1,0,0,0,0
3097,81,106,0,1,0,0,0,0
3098,76,19,0,1,0,0,0,0
3099,19,76,0,1,0,0,0,0
3100,48,14,0,1,0,0,0,0
3101,14,48,0,1,0,0,0,0
3102,29,117,0,1,0,0,0,0
3103,117,29,0,1,0,0,0,0
3104,20,26,0,1,0,0,0,0
3105,26,20,0,1,0,0,0,0
3106,111,198,0,1,0,0,0,0
3107,198,111,0,1,0,0,0,0
3108,109,79,0,1,0,0,0,0
3109,79,109,0,1,0,0,0,0
3110,104,33,0,1,0,0,0,0
3111,33,104,0,1,0,0,0,0
3112,78,188,0,1,0,0,0,0
3113,188,78,0,1,0,0,0,0
3114,57,189,0,1,0,0,0,0
3115,189,57,0,1,0,0,0,0
3116,54,195,0,1,0,0,0,0
3117,195,54,0,1,0,0,0,0
3118,41,187,0,1,0,0,0,0
3119,187,41,0,1,0,0,0,0
3120,24,30,0,1,0,0,0,0
3121,30,24,0,1,0,0,0,0
3122,164,163,0,1,0,0,0,0
3123,163,164,0,1,0,0,0,0
3124,158,39,0,1,0,0,0,0
3125,39,158,0,1,0,0,0,0
3126,150,59,0,1,0,0,0,0
3127,59,150,0,1,0,0,0,0
3128,147,51,0,1,0,0,0,0
3129,51,147,0,1,0,0,0,0
3130,145,154,0,1,0,0,0,0
3131,154,145,0,1,0,0,0,0
3132,133,100,0,1,0,0,0,0
3133,100,133,0,1,0,0,0,0
3134,105,141,0,1,0,0,0,0
3135,141,105,0,1,0,0,0,0
3136,59,21,0,1,0,0,0,0
3137,21,59,0,1,0,0,0,0
3138,37,83,0,1,0,0,0,0
3139,83,37,0,1,0,0,0,0
3140,33,123,0,1,0,0,0,0
3141,123,33,0,1,0,0,0,0
3142,188,161,0,1,0,0,0,0
3143,161,188,0,1,0,0,0,0
3144,176,75,0,1,0,0,0,0
3145,75,176,0,1,0,0,0,0
3146,168,179,0,1,0,0,0,0
3147,179,168,0,1,0,0,0,0
3148,120,170,0,1,0,0,0,0
3149,170,120,0,1,0,0,0,0
3150,114,166,0,1,0,0,0,0
3151,166,114,0,1,0,0,0,0
3152,95,137,0,1,0,0,0,0
3153,137,95,0,1,0,0,0,0
3154,92,184,0,1,0,0,0,0
3155,184,92,0,1,0,0,0,0
3156,84,43,0,1,0,0,0,0
3157,43,84,0,1,0,0,0,0
3158,75,7,0,1,0,0,0,0
3159,7,75,0,1,0,0,0,0
3160,52,193,0,1,0,0,0,0
3161,193,52,0,1,0,0,0,0
3162,50,110,0,1,0,0,0,0
3163,110,50,0,1,0,0,0,0
3164,47,25,0,1,0,0,0,0
3165,25,47,0,1,0,0,0,0
3166,43,168,0,1,0,0,0,0
3167,168,43,0,1,0,0,0,0
3168,25,111,0,1,0,0,0,0
3169,111,25,0,1,0,0,0,0
3170,178,173,0,1,0,0,0,0
3171,173,178,0,1,0,0,0,0
3172,175,136,0,1,0,0,0,0
3173,136,175,0,1,0,0,0,0
3174,161,103,0,1,0,0,0,0
3175,103,161,0,1,0,0,0,0
3176,143,112,0,1,0,0,0,0
3177,112,143,0,1,0,0,0,0
3178,68,120,0,1,0,0,0,0
3179,120,68,0,1,0,0,0,0
3180,64,145,0,1,0,0,0,0
3181,145,64,0,1,0,0,0,0
3182,61,104,0,1,0,0,0,0
3183,104,61,0,1,0,0,0,0
3184,51,95,0,1,0,0,0,0
3185,95,51,0,1,0,0,0,0
3186,30,107,0,1,0,0,0,0
3187,107,30,0,1,0,0,0,0
3188,19,114,0,1,0,0,0,0
3189,114,19,0,1,0,0,0,0
3190,8,22,0,1,0,0,0,0
3191,22,8,0,1,0,0,0,0
3192,7,183,0,1,0,0,0,0
3193,183,7,0,1,0,0,0,0
3194,5,164,0,1,0,0,0,0
3195,164,5,0,1,0,0,0,0
3196,2,0,0,1,0,0,0,0
3197,0,2,0,1,0,0,0,0
3198,1,69,0,1,0,0,0,0
3199,69,1,0,1,0,0,0,0
3200,0,153,0,1,0,0,0,0
3201,153,0,0,1,0,0,0,0
3202,153,182,0,1,0,0,0,0
3203,182,153,0,1,0,0,0,0
3204,199,124,0,1,0,0,0,0
3205,124,199,0,1,0,0,0,0
3206,124,15,0,1,0,0,0,0
3207,15,124,0,1,0,0,0,0
3208,198,197,0,1,0,0,0,0
3209,197,198,0,1,0,0,0,0
3210,197,151,0,1,0,0,0,0
3211,151,197,0,1,0,0,0,0
3212,196,161,0,1,0,0,0,0
3213,161,196,0,1,0,0,0,0
3214,161,87,0,1,0,0,0,0
3215,87,161,0,1,0,0,0,0
3216,194,136,0,1,0,0,0,0
3217,136,194,0,1,0,0,0,0
3218,193,168,0,1,0,0,0,0
3219,168,193,0,1,0,0,0,0
3220,168,40,0,1,0,0,0,0
3221,40,168,0,1,0,0,0,0
3222,192,188,0,1,0,0,0,0
3223,188,192,0,1,0,0,0,0
3224,191,11,0,1,0,0,0,0
3225,11,191,0,1,0,0,0,0
3226,11,10,0,1,0,0,0,0
3227,10,11,0,1,0,0,0,0
3228,185,147,0,1,0,0,0,0
3229,147,185,0,1,0,0,0,0
3230,147,19,0,1,0,0,0,0
3231,19,147,0,1,0,0,0,0
3232,184,16,0,1,0,0,0,0
3233,16,184,0,1,0,0,0,0
3234,176,154,0,1,0,0,0,0
3235,154,176,0,1,0,0,0,0
3236,169,80,0,1,0,0,0,0
3237,80,169,0,1,0,0,0,0
3238,166,134,0,1,0,0,0,0
3239,134,166,0,1,0,0,0,0
3240,164,75,0,1,0,0,0,0
3241,75,164,0,1,0,0,0,0
3242,162,59,0,1,0,0,0,0
3243,59,162,0,1,0,0,0,0
3244,156,198,0,1,0,0,0,0
3245,198,156,0,1,0,0,0,0
3246,140,79,0,1,0,0,0,0
3247,79,140,0,1,0,0,0,0
3248,136,130,0,1,0,0,0,0
3249,130,136,0,1,0,0,0,0
3250,120,133,0,1,0,0,0,0
3251,133,120,0,1,0,0,0,0
3252,116,152,0,1,0,0,0,0
3253,152,116,0,1,0,0,0,0
3254,112,78,0,1,0,0,0,0
3255,78,112,0,1,0,0,0,0
3256,98,159,0,1,0,0,0,0
3257,159,98,0,1,0,0,0,0
3258,96,119,0,1,0,0,0,0
3259,119,96,0,1,0,0,0,0
3260,73,172,0,1,0,0,0,0
3261,172,73,0,1,0,0,0,0
3262,57,105,0,1,0,0,0,0
3263,105,57,0,1,0,0,0,0
3264,56,117,0,1,0,0,0,0
3265,117,56,0,1,0,0,0,0
3266,18,173,0,1,0,0,0,0
3267,173,18,0,1,0,0,0,0
3268,195,22,0,1,0,0,0,0
3269,22,195,0,1,0,0,0,0
3270,182,32,0,1,0,0,0,0
3271,32,182,0,1,0,0,0,0
3272,172,1,0,1,0,0,0,0
3273,1,172,0,1,0,0,0,0
3274,157,149,0,1,0,0,0,0
3275,149,157,0,1,0,0,0,0
3276,130,73,0,1,0,0,0,0
3277,73,130,0,1,0,0,0,0
3278,123,189,0,1,0,0,0,0
3279,189,123,0,1,0,0,0,0
3280,189,139,0,1,0,0,0,0
3281,139,189,0,1,0,0,0,0
3282,102,100,0,1,0,0,0,0
3283,100,102,0,1,0,0,0,0
3284,95,55,0,1,0,0,0,0
3285,55,95,0,1,0,0,0,0
3286,67,54,0,1,0,0,0,0
3287,54,67,0,1,0,0,0,0
3288,50,106,0,1,0,0,0,0
3289,106,50,0,1,0,0,0,0
3290,106,165,0,1,0,0,0,0
3291,165,106,0,1,0,0,0,0
3292,42,175,0,1,0,0,0,0
3293,175,42,0,1,0,0,0,0
3294,36,162,0,1,0,0,0,0
3295,162,36,0,1,0,0,0,0
3296,30,8,0,1,0,0,0,0
3297,8,30,0,1,0,0,0,0
3298,181,89,0,1,0,0,0,0
3299,89,181,0,1,0,0,0,0
3300,149,98,0,1,0,0,0,0
3301,98,149,0,1,0,0,0,0
3302,117,118,0,1,0,0,0,0
3303,118,117,0,1,0,0,0,0
3304,54,148,0,1,0,0,0,0
3305,148,54,0,1,0,0,0,0
3306,52,39,0,1,0,0,0,0
3307,39,52,0,1,0,0,0,0
3308,39,109,0,1,0,0,0,0
3309,109,39,0,1,0,0,0,0
3310,22,102,0,1,0,0,0,0
3311,102,22,0,1,0,0,0,0
3312,17,41,0,1,0,0,0,0
3313,41,17,0,1,0,0,0,0
3314,41,156,0,1,0,0,0,0
3315,156,41,0,1,0,0,0,0
3316,2,38,0,1,0,0,0,0
3317,38,2,0,1,0,0,0,0
3318,38,110,0,1,0,0,0,0
3319,110,38,0,1,0,0,0,0
3320,165,199,0,1,0,0,0,0
3321,199,165,0,1,0,0,0,0
3322,146,193,0,1,0,0,0,0
3323,193,146,0,1,0,0,0,0
3324,134,67,0,1,0,0,0,0
3325,67,134,0,1,0,0,0,0
3326,103,56,0,1,0,0,0,0
3327,56,103,0,1,0,0,0,0
3328,101,63,0,1,0,0,0,0
3329,63,101,0,1,0,0,0,0
3330,80,43,0,1,0,0,0,0
3331,43,80,0,1,0,0,0,0
3332,66,71,0,1,0,0,0,0
3333,71,66,0,1,0,0,0,0
3334,59,77,0,1,0,0,0,0
3335,77,59,0,1,0,0,0,0
3336,55,44,0,1,0,0,0,0
3337,44,55,0,1,0,0,0,0
3338,158,170,0,1,0,0,0,0
3339,170,158,0,1,0,0,0,0
3340,170,113,0,1,0,0,0,0
3341,113,170,0,1,0,0,0,0
3342,141,94,0,1,0,0,0,0
3343,94,141,0,1,0,0,0,0
3344,127,26,0,1,0,0,0,0
3345,26,127,0,1,0,0,0,0
3346,125,45,0,1,0,0,0,0
3347,45,125,0,1,0,0,0,0
3348,105,66,0,1,0,0,0,0
3349,66,105,0,1,0,0,0,0
3350,78,33,0,1,0,0,0,0
3351,33,78,0,1,0,0,0,0
3352,70,140,0,1,0,0,0,0
3353,140,70,0,1,0,0,0,0
3354,48,50,0,1,0,0,0,0
3355,50,48,0,1,0,0,0,0
3356,15,36,0,1,0,0,0,0
3357,36,15,0,1,0,0,0,0
3358,9,160,0,1,0,0,0,0
3359,160,9,0,1,0,0,0,0
3360,160,42,0,1,0,0,0,0
3361,42,160,0,1,0,0,0,0
3362,142,28,0,1,0,0,0,0
3363,28,142,0,1,0,0,0,0
3364,128,141,0,1,0,0,0,0
3365,141,128,0,1,0,0,0,0
3366,119,53,0,1,0,0,0,0
3367,53,119,0,1,0,0,0,0
3368,114,157,0,1,0,0,0,0
3369,157,114,0,1,0,0,0,0
3370,91,169,0,1,0,0,0,0
3371,169,91,0,1,0,0,0,0
3372,87,128,0,1,0,0,0,0
3373,128,87,0,1,0,0,0,0
3374,61,194,0,1,0,0,0,0
3375,194,61,0,1,0,0,0,0
3376,6,129,0,1,0,0,0,0
3377,129,6,0,1,0,0,0,0
3378,183,47,0,1,0,0,0,0
3379,47,183,0,1,0,0,0,0
3380,180,108,0,1,0,0,0,0
3381,108,180,0,1,0,0,0,0
3382,167,180,0,1,0,0,0,0
3383,180,167,0,1,0,0,0,0
3384,155,58,0,1,0,0,0,0
3385,58,155,0,1,0,0,0,0
3386,135,95,0,1,0,0,0,0
3387,95,135,0,1,0,0,0,0
3388,110,12,0,1,0,0,0,0
3389,12,110,0,1,0,0,0,0
3390,74,155,0,1,0,0,0,0
3391,155,74,0,1,0,0,0,0
3392,47,174,0,1,0,0,0,0
3393,174,47,0,1,0,0,0,0
3394,37,52,0,1,0,0,0,0
3395,52,37,0,1,0,0,0,0
3396,32,62,0,1,0,0,0,0
3397,62,32,0,1,0,0,0,0
3398,28,83,0,1,0,0,0,0
3399,83,28,0,1,0,0,0,0
3400,190,93,0,1,0,0,0,0
3401,93,190,0,1,0,0,0,0
3402,179,111,0,1,0,0,0,0
3403,111,179,0,1,0,0,0,0
3404,163,85,0,1,0,0,0,0
3405,85,163,0,1,0,0,0,0
3406,148,126,0,1,0,0,0,0
3407,126,148,0,1,0,0,0,0
3408,129,112,0,1,0,0,0,0
3409,112,129,0,1,0,0,0,0
3410,126,114,0,1,0,0,0,0
3411,114,126,0,1,0,0,0,0
3412,107,7,0,1,0,0,0,0
3413,7,107,0,1,0,0,0,0
3414,93,179,0,1,0,0,0,0
3415,179,93,0,1,0,0,0,0
3416,43,2,0,1,0,0,0,0
3417,2,43,0,1,0,0,0,0
3418,186,150,0,1,0,0,0,0
3419,150,186,0,1,0,0,0,0
3420,173,166,0,1,0,0,0,0
3421,166,173,0,1,0,0,0,0
3422,171,64,0,1,0,0,0,0
3423,64,171,0,1,0,0,0,0
3424,64,132,0,1,0,0,0,0
3425,132,64,0,1,0,0,0,0
3426,154,123,0,1,0,0,0,0
3427,123,154,0,1,0,0,0,0
3428,100,120,0,1,0,0,0,0
3429,120,100,0,1,0,0,0,0
3430,88,31,0,1,0,0,0,0
3431,31,88,0,1,0,0,0,0
3432,79,177,0,1,0,0,0,0
3433,177,79,0,1,0,0,0,0
3434,23,116,0,1,0,0,0,0
3435,116,23,0,1,0,0,0,0
3436,21,17,0,1,0,0,0,0
3437,17,21,0,1,0,0,0,0
3438,14,30,0,1,0,0,0,0
3439,30,14,0,1,0,0,0,0
3440,5,144,0,1,0,0,0,0
3441,144,5,0,1,0,0,0,0
3442,159,69,0,1,0,0,0,0
3443,69,159,0,1,0,0,0,0
3444,144,191,0,1,0,0,0,0
3445,191,144,0,1,0,0,0,0
3446,138,146,0,1,0,0,0,0
3447,146,138,0,1,0,0,0,0
3448,115,186,0,1,0,0,0,0
3449,186,115,0,1,0,0,0,0
3450,108,121,0,1,0,0,0,0
3451,121,108,0,1,0,0,0,0
3452,35,104,0,1,0,0,0,0
3453,104,35,0,1,0,0,0,0
3454,27,167,0,1,0,0,0,0
3455,167,27,0,1,0,0,0,0
3456,19,192,0,1,0,0,0,0
3457,192,19,0,1,0,0,0,0
3458,7,46,0,1,0,0,0,0
3459,46,7,0,1,0,0,0,0
3460,151,57,0,1,0,0,0,0
3461,57,151,0,1,0,0,0,0
3462,122,92,0,1,0,0,0,0
3463,92,122,0,1,0,0,0,0
3464,113,99,0,1,0,0,0,0
3465,99,113,0,1,0,0,0,0
3466,111,14,0,1,0,0,0,0
3467,14,111,0,1,0,0,0,0
3468,104,60,0,1,0,0,0,0
3469,60,104,0,1,0,0,0,0
3470,99,145,0,1,0,0,0,0
3471,145,99,0,1,0,0,0,0
3472,86,158,0,1,0,0,0,0
3473,158,86,0,1,0,0,0,0
3474,72,61,0,1,0,0,0,0
3475,61,72,0,1,0,0,0,0
3476,63,107,0,1,0,0,0,0
3477,107,63,0,1,0,0,0,0
3478,137,25,0,1,0,0,0,0
3479,25,137,0,1,0,0,0,0
3480,131,51,0,1,0,0,0,0
3481,51,131,0,1,0,0,0,0
3482,118,115,0,1,0,0,0,0
3483,115,118,0,1,0,0,0,0
3484,92,178,0,1,0,0,0,0
3485,178,92,0,1,0,0,0,0
3486,90,72,0,1,0,0,0,0
3487,72,90,0,1,0,0,0,0
3488,75,137,0,1,0,0,0,0
3489,137,75,0,1,0,0,0,0
3490,53,0,0,1,0,0,0,0
3491,0,53,0,1,0,0,0,0
3492,46,164,0,1,0,0,0,0
3493,164,46,0,1,0,0,0,0
3494,45,163,0,1,0,0,0,0
3495,163,45,0,1,0,0,0,0
3496,31,135,0,1,0,0,0,0
3497,135,31,0,1,0,0,0,0
3498,26,3,0,1,0,0,0,0
3499,3,26,0,1,0,0,0,0
3500,20,70,0,1,0,0,0,0
3501,70,20,0,1,0,0,0,0
3502,94,86,0,1,0,0,0,0
3503,86,94,0,1,0,0,0,0
3504,76,84,0,1,0,0,0,0
3505,84,76,0,1,0,0,0,0
3506,84,37,0,1,0,0,0,0
3507,37,84,0,1,0,0,0,0
3508,69,195,0,1,0,0,0,0
3509,195,69,0,1,0,0,0,0
3510,58,90,0,1,0,0,0,0
3511,90,58,0,1,0,0,0,0
3512,51,185,0,1,0,0,0,0
3513,185,51,0,1,0,0,0,0
3514,44,9,0,1,0,0,0,0
3515,9,44,0,1,0,0,0,0
3516,178,142,0,1,0,0,0,0
3517,142,178,0,1,0,0,0,0
3518,143,184,0,1,0,0,0,0
3519,184,143,0,1,0,0,0,0
3520,133,181,0,1,0,0,0,0
3521,181,133,0,1,0,0,0,0
3522,97,91,0,1,0,0,0,0
3523,91,97,0,1,0,0,0,0
3524,60,6,0,1,0,0,0,0
3525,6,60,0,1,0,0,0,0
3526,34,138,0,1,0,0,0,0
3527,138,34,0,1,0,0,0,0
3528,25,48,0,1,0,0,0,0
3529,48,25,0,1,0,0,0,0
3530,175,24,0,1,0,0,0,0
3531,24,175,0,1,0,0,0,0
3532,109,34,0,1,0,0,0,0
3533,34,109,0,1,0,0,0,0
3534,71,21,0,1,0,0,0,0
3535,21,71,0,1,0,0,0,0
3536,33,76,0,1,0,0,0,0
3537,76,33,0,1,0,0,0,0
3538,29,68,0,1,0,0,0,0
3539,68,29,0,1,0,0,0,0
3540,24,131,0,1,0,0,0,0
3541,131,24,0,1,0,0,0,0
3542,13,143,0,1,0,0,0,0
3543,143,13,0,1,0,0,0,0
3544,10,103,0,1,0,0,0,0
3545,103,10,0,1,0,0,0,0
3546,177,97,0,1,0,0,0,0
3547,97,177,0,1,0,0,0,0
3548,174,23,0,1,0,0,0,0
3549,23,174,0,1,0,0,0,0
3550,139,196,0,1,0,0,0,0
3551,196,139,0,1,0,0,0,0
3552,121,176,0,1,0,0,0,0
3553,176,121,0,1,0,0,0,0
3554,83,20,0,1,0,0,0,0
3555,20,83,0,1,0,0,0,0
3556,82,190,0,1,0,0,0,0
3557,190,82,0,1,0,0,0,0
3558,77,5,0,1,0,0,0,0
3559,5,77,0,1,0,0,0,0
3560,68,101,0,1,0,0,0,0
3561,101,68,0,1,0,0,0,0
3562,65,29,0,1,0,0,0,0
3563,29,65,0,1,0,0,0,0
3564,40,4,0,1,0,0,0,0
3565,4,40,0,1,0,0,0,0
3566,12,13,0,1,0,0,0,0
3567,13,12,0,1,0,0,0,0
3568,4,82,0,1,0,0,0,0
3569,82,4,0,1,0,0,0,0
3570,3,35,0,1,0,0,0,0
3571,35,3,0,1,0,0,0,0
3572,1,49,0,1,0,0,0,0
3573,49,1,0,1,0,0,0,0
3574,188,27,0,1,0,0,0,0
3575,27,188,0,1,0,0,0,0
3576,187,65,0,1,0,0,0,0
3577,65,187,0,1,0,0,0,0
3578,152,96,0,1,0,0,0,0
3579,96,152,0,1,0,0,0,0
3580,150,74,0,1,0,0,0,0
3581,74,150,0,1,0,0,0,0
3582,145,183,0,1,0,0,0,0
3583,183,145,0,1,0,0,0,0
3584,132,88,0,1,0,0,0,0
3585,88,132,0,1,0,0,0,0
3586,89,171,0,1,0,0,0,0
3587,171,89,0,1,0,0,0,0
3588,85,81,0,1,0,0,0,0
3589,81,85,0,1,0,0,0,0
3590,81,127,0,1,0,0,0,0
3591,127,81,0,1,0,0,0,0
3592,62,187,0,1,0,0,0,0
3593,187,62,0,1,0,0,0,0
3594,49,125,0,1,0,0,0,0
3595,125,49,0,1,0,0,0,0
3596,16,18,0,1,0,0,0,0
3597,18,16,0,1,0,0,0,0
3598,8,122,0,1,0,0,0,0
3599,122,8,0,1,0,0,0,0
