200
0 158 1
158 0 1
0 59 1
59 0 1
1 172 1
172 1 1
1 100 1
100 1 1
2 118 1
118 2 1
2 155 1
155 2 1
3 179 1
179 3 1
3 132 1
132 3 1
4 73 1
73 4 1
4 87 1
87 4 1
5 144 1
144 5 1
5 135 1
135 5 1
6 196 1
196 6 1
6 113 1
113 6 1
7 135 1
135 7 1
7 152 1
152 7 1
8 87 1
87 8 1
8 169 1
169 8 1
9 66 1
66 9 1
9 82 1
82 9 1
10 115 1
115 10 1
10 119 1
119 10 1
11 56 1
56 11 1
11 79 1
79 11 1
12 102 1
102 12 1
12 138 1
138 12 1
13 146 1
146 13 1
13 31 1
31 13 1
14 183 1
183 14 1
14 1 1
1 14 1
15 192 1
192 15 1
15 94 1
94 15 1
16 160 1
160 16 1
16 54 1
54 16 1
17 51 1
51 17 1
17 151 1
151 17 1
18 34 1
34 18 1
18 78 1
78 18 1
19 62 1
62 19 1
19 86 1
86 19 1
20 123 1
123 20 1
20 55 1
55 20 1
21 129 1
129 21 1
21 179 1
179 21 1
22 175 1
175 22 1
22 70 1
70 22 1
23 155 1
155 23 1
23 6 1
6 23 1
24 9 1
9 24 1
24 137 1
137 24 1
25 143 1
143 25 1
25 157 1
157 25 1
26 58 1
58 26 1
26 175 1
175 26 1
27 44 1
44 27 1
27 158 1
158 27 1
28 182 1
182 28 1
28 146 1
146 28 1
29 21 1
21 29 1
29 5 1
5 29 1
30 77 1
77 30 1
30 187 1
187 30 1
31 98 1
98 31 1
31 83 1
83 31 1
32 112 1
112 32 1
32 39 1
39 32 1
33 3 1
3 33 1
33 51 1
51 33 1
34 134 1
134 34 1
34 89 1
89 34 1
35 53 1
53 35 1
35 162 1
162 35 1
36 107 1
107 36 1
36 2 1
2 36 1
37 127 1
127 37 1
37 52 1
52 37 1
38 71 1
71 38 1
38 46 1
46 38 1
39 189 1
189 39 1
39 174 1
174 39 1
40 120 1
120 40 1
40 34 1
34 40 1
41 65 1
65 41 1
41 10 1
10 41 1
42 97 1
97 42 1
42 154 1
154 42 1
43 78 1
78 43 1
43 104 1
104 43 1
44 168 1
168 44 1
44 125 1
125 44 1
45 191 1
191 45 1
45 23 1
23 45 1
46 20 1
20 46 1
46 8 1
8 46 1
47 57 1
57 47 1
47 178 1
178 47 1
48 5 1
5 48 1
48 147 1
147 48 1
49 173 1
173 49 1
49 127 1
127 49 1
50 8 1
8 50 1
50 15 1
15 50 1
51 82 1
82 51 1
51 85 1
85 51 1
52 49 1
49 52 1
52 180 1
180 52 1
53 26 1
26 53 1
53 67 1
67 53 1
54 186 1
186 54 1
54 53 1
53 54 1
55 23 1
23 55 1
55 186 1
186 55 1
56 156 1
156 56 1
56 177 1
177 56 1
57 170 1
170 57 1
57 90 1
90 57 1
58 33 1
33 58 1
58 150 1
150 58 1
59 72 1
72 59 1
59 192 1
192 59 1
60 36 1
36 60 1
60 131 1
131 60 1
61 7 1
7 61 1
61 28 1
28 61 1
62 69 1
69 62 1
62 76 1
76 62 1
63 142 1
142 63 1
63 109 1
109 63 1
64 80 1
80 64 1
64 185 1
185 64 1
65 194 1
194 65 1
65 105 1
105 65 1
66 15 1
15 66 1
66 29 1
29 66 1
67 75 1
75 67 1
67 165 1
165 67 1
68 47 1
47 68 1
68 3 1
3 68 1
69 122 1
122 69 1
69 121 1
121 69 1
70 117 1
117 70 1
70 32 1
32 70 1
71 195 1
195 71 1
71 110 1
110 71 1
72 88 1
88 72 1
72 71 1
71 72 1
73 24 1
24 73 1
73 18 1
18 73 1
74 169 1
169 74 1
74 97 1
97 74 1
75 37 1
37 75 1
75 139 1
139 75 1
76 79 1
79 76 1
76 66 1
66 76 1
77 67 1
67 77 1
77 22 1
22 77 1
78 19 1
19 78 1
78 98 1
98 78 1
79 145 1
145 79 1
79 56 1
56 79 1
80 46 1
46 80 1
80 199 1
199 80 1
81 101 1
101 81 1
81 156 1
156 81 1
82 59 1
59 82 1
82 68 1
68 82 1
83 131 1
131 83 1
83 75 1
75 83 1
84 150 1
150 84 1
84 13 1
13 84 1
85 105 1
105 85 1
85 197 1
197 85 1
86 100 1
100 86 1
86 108 1
108 86 1
87 10 1
10 87 1
87 126 1
126 87 1
88 74 1
74 88 1
88 84 1
84 88 1
89 153 1
153 89 1
89 128 1
128 89 1
90 22 1
22 90 1
90 72 1
72 90 1
91 2 1
2 91 1
91 12 1
12 91 1
92 28 1
28 92 1
92 80 1
80 92 1
93 119 1
119 93 1
93 73 1
73 93 1
94 32 1
32 94 1
94 193 1
193 94 1
95 17 1
17 95 1
95 81 1
81 95 1
96 42 1
42 96 1
96 103 1
103 96 1
97 148 1
148 97 1
97 107 1
107 97 1
98 121 1
121 98 1
98 183 1
183 98 1
99 171 1
171 99 1
99 170 1
170 99 1
100 140 1
140 100 1
100 136 1
136 100 1
101 43 1
43 101 1
101 176 1
176 101 1
102 91 1
91 102 1
102 77 1
77 102 1
103 11 1
11 103 1
103 143 1
143 103 1
104 177 1
177 104 1
104 172 1
172 104 1
105 163 1
163 105 1
105 120 1
120 105 1
106 199 1
199 106 1
106 111 1
111 106 1
107 95 1
95 107 1
107 133 1
133 107 1
108 147 1
147 108 1
108 189 1
189 108 1
109 39 1
39 109 1
109 122 1
122 109 1
110 197 1
197 110 1
110 33 1
33 110 1
111 25 1
25 111 1
111 62 1
62 111 1
112 130 1
130 112 1
112 0 1
0 112 1
113 124 1
124 113 1
113 166 1
166 113 1
114 54 1
54 114 1
114 106 1
106 114 1
115 40 1
40 115 1
115 144 1
144 115 1
116 85 1
85 116 1
116 27 1
27 116 1
117 162 1
162 117 1
117 145 1
145 117 1
118 116 1
116 118 1
118 112 1
112 118 1
119 12 1
12 119 1
119 58 1
58 119 1
120 157 1
157 120 1
120 43 1
43 120 1
121 89 1
89 121 1
121 4 1
4 121 1
122 164 1
164 122 1
122 42 1
42 122 1
123 187 1
187 123 1
123 188 1
188 123 1
124 159 1
159 124 1
124 184 1
184 124 1
125 149 1
149 125 1
125 168 1
168 125 1
126 83 1
83 126 1
126 93 1
93 126 1
127 193 1
193 127 1
127 25 1
25 127 1
128 86 1
86 128 1
128 36 1
36 128 1
129 110 1
110 129 1
129 47 1
47 129 1
130 111 1
111 130 1
130 182 1
182 130 1
131 27 1
27 131 1
131 191 1
191 131 1
132 45 1
45 132 1
132 88 1
88 132 1
133 166 1
166 133 1
133 30 1
30 133 1
134 141 1
141 134 1
134 92 1
92 134 1
135 61 1
61 135 1
135 149 1
149 135 1
136 31 1
31 136 1
136 115 1
115 136 1
137 165 1
165 137 1
137 96 1
96 137 1
138 81 1
81 138 1
138 64 1
64 138 1
139 48 1
48 139 1
139 40 1
40 139 1
140 152 1
152 140 1
140 69 1
69 140 1
141 0 1
0 141 1
141 44 1
44 141 1
142 16 1
16 142 1
142 118 1
118 142 1
143 35 1
35 143 1
143 63 1
63 143 1
144 161 1
161 144 1
144 160 1
160 144 1
145 198 1
198 145 1
145 173 1
173 145 1
146 190 1
190 146 1
146 195 1
195 146 1
147 68 1
68 147 1
147 45 1
45 147 1
148 84 1
84 148 1
148 194 1
194 148 1
149 185 1
185 149 1
149 181 1
181 149 1
150 139 1
139 150 1
150 60 1
60 150 1
151 55 1
55 151 1
151 14 1
14 151 1
152 137 1
137 152 1
152 21 1
21 152 1
153 38 1
38 153 1
153 129 1
129 153 1
154 70 1
70 154 1
154 20 1
20 154 1
155 6 1
6 155 1
155 134 1
134 155 1
156 181 1
181 156 1
156 9 1
9 156 1
157 60 1
60 157 1
157 7 1
7 157 1
158 132 1
132 158 1
158 123 1
123 158 1
159 50 1
50 159 1
159 41 1
41 159 1
160 96 1
96 160 1
160 142 1
142 160 1
161 13 1
13 161 1
161 16 1
16 161 1
162 114 1
114 162 1
162 101 1
101 162 1
163 126 1
126 163 1
163 159 1
159 163 1
164 174 1
174 164 1
164 91 1
91 164 1
165 125 1
125 165 1
165 153 1
153 165 1
166 184 1
184 166 1
166 163 1
163 166 1
167 64 1
64 167 1
167 198 1
198 167 1
168 76 1
76 168 1
168 65 1
65 168 1
169 63 1
63 169 1
169 116 1
116 169 1
170 154 1
154 170 1
170 190 1
190 170 1
171 167 1
167 171 1
171 57 1
57 171 1
172 94 1
94 172 1
172 148 1
148 172 1
173 151 1
151 173 1
173 124 1
124 173 1
174 188 1
188 174 1
174 48 1
48 174 1
175 1 1
1 175 1
175 99 1
99 175 1
176 92 1
92 176 1
176 26 1
26 176 1
177 128 1
128 177 1
177 95 1
95 177 1
178 108 1
108 178 1
178 161 1
161 178 1
179 29 1
29 179 1
179 17 1
17 179 1
180 103 1
103 180 1
180 164 1
164 180 1
181 106 1
106 181 1
181 49 1
49 181 1
182 113 1
113 182 1
182 140 1
140 182 1
183 136 1
136 183 1
183 35 1
35 183 1
184 14 1
14 184 1
184 171 1
171 184 1
185 109 1
109 185 1
185 167 1
167 185 1
186 178 1
178 186 1
186 61 1
61 186 1
187 104 1
104 187 1
187 117 1
117 187 1
188 180 1
180 188 1
188 114 1
114 188 1
189 133 1
133 189 1
189 19 1
19 189 1
190 138 1
138 190 1
190 11 1
11 190 1
191 99 1
99 191 1
191 102 1
102 191 1
192 30 1
30 192 1
192 74 1
74 192 1
193 90 1
90 193 1
193 196 1
196 193 1
194 93 1
93 194 1
194 130 1
130 194 1
195 176 1
176 195 1
195 141 1
141 195 1
196 52 1
52 196 1
196 37 1
37 196 1
197 18 1
18 197 1
197 50 1
50 197 1
198 41 1
41 198 1
198 38 1
38 198 1
199 4 1
4 199 1
199 24 1
24 199 1
0 191 1
191 0 1
1 127 1
127 1 1
2 76 1
76 2 1
3 173 1
173 3 1
4 61 1
61 4 1
5 183 1
183 5 1
6 166 1
166 6 1
7 64 1
64 7 1
8 29 1
29 8 1
9 28 1
28 9 1
10 57 1
57 10 1
11 30 1
30 11 1
12 77 1
77 12 1
13 88 1
88 13 1
14 137 1
137 14 1
15 79 1
79 15 1
16 169 1
169 16 1
17 124 1
124 17 1
18 89 1
89 18 1
19 97 1
97 19 1
20 58 1
58 20 1
21 86 1
86 21 1
22 182 1
182 22 1
23 114 1
114 23 1
24 165 1
165 24 1
25 9 1
9 25 1
26 65 1
65 26 1
27 95 1
95 27 1
28 128 1
128 28 1
29 78 1
78 29 1
30 110 1
110 30 1
31 106 1
106 31 1
32 187 1
187 32 1
33 185 1
185 33 1
34 126 1
126 34 1
35 39 1
39 35 1
36 119 1
119 36 1
37 176 1
176 37 1
38 157 1
157 38 1
39 17 1
17 39 1
40 195 1
195 40 1
41 68 1
68 41 1
42 27 1
27 42 1
43 83 1
83 43 1
44 197 1
197 44 1
45 31 1
31 45 1
46 10 1
10 46 1
47 160 1
160 47 1
48 3 1
3 48 1
49 98 1
98 49 1
50 47 1
47 50 1
51 38 1
38 51 1
52 63 1
63 52 1
53 96 1
96 53 1
54 198 1
198 54 1
55 85 1
85 55 1
56 136 1
136 56 1
57 162 1
162 57 1
58 193 1
193 58 1
59 174 1
174 59 1
60 179 1
179 60 1
61 45 1
45 61 1
62 104 1
104 62 1
63 123 1
123 63 1
64 87 1
87 64 1
65 130 1
130 65 1
66 7 1
7 66 1
67 82 1
82 67 1
68 168 1
168 68 1
69 43 1
43 69 1
70 6 1
6 70 1
71 41 1
41 71 1
72 144 1
144 72 1
73 151 1
151 73 1
74 131 1
131 74 1
75 48 1
48 75 1
76 35 1
35 76 1
77 121 1
121 77 1
78 100 1
100 78 1
79 18 1
18 79 1
80 111 1
111 80 1
81 133 1
133 81 1
82 188 1
188 82 1
83 152 1
152 83 1
84 125 1
125 84 1
85 24 1
24 85 1
86 16 1
16 86 1
87 92 1
92 87 1
88 196 1
196 88 1
89 54 1
54 89 1
90 181 1
181 90 1
91 52 1
52 91 1
92 189 1
189 92 1
93 90 1
90 93 1
94 143 1
143 94 1
95 112 1
112 95 1
96 46 1
46 96 1
97 156 1
156 97 1
98 2 1
2 98 1
99 91 1
91 99 1
100 21 1
21 100 1
101 56 1
56 101 1
102 163 1
163 102 1
103 23 1
23 103 1
104 73 1
73 104 1
105 138 1
138 105 1
106 108 1
108 106 1
107 149 1
149 107 1
108 140 1
140 108 1
109 118 1
118 109 1
110 142 1
142 110 1
111 84 1
84 111 1
112 180 1
180 112 1
113 44 1
44 113 1
114 5 1
5 114 1
115 164 1
164 115 1
116 184 1
184 116 1
117 53 1
53 117 1
118 190 1
190 118 1
119 102 1
102 119 1
120 170 1
170 120 1
121 51 1
51 121 1
122 26 1
26 122 1
123 50 1
50 123 1
124 150 1
150 124 1
125 12 1
12 125 1
126 154 1
154 126 1
127 153 1
153 127 1
128 4 1
4 128 1
129 8 1
8 129 1
130 134 1
134 130 1
131 15 1
15 131 1
132 66 1
66 132 1
133 62 1
62 133 1
134 177 1
177 134 1
135 19 1
19 135 1
136 32 1
32 136 1
137 69 1
69 137 1
138 186 1
186 138 1
139 13 1
13 139 1
140 20 1
20 140 1
141 135 1
135 141 1
142 60 1
60 142 1
143 120 1
120 143 1
144 11 1
11 144 1
145 147 1
147 145 1
146 145 1
145 146 1
147 158 1
158 147 1
148 49 1
49 148 1
149 1 1
1 149 1
150 129 1
129 150 1
151 42 1
42 151 1
152 155 1
155 152 1
153 159 1
159 153 1
154 148 1
148 154 1
155 55 1
55 155 1
156 199 1
199 156 1
157 116 1
116 157 1
158 172 1
172 158 1
159 37 1
37 159 1
160 171 1
171 160 1
161 101 1
101 161 1
162 71 1
71 162 1
163 107 1
107 163 1
164 99 1
99 164 1
165 113 1
113 165 1
166 103 1
103 166 1
167 36 1
36 167 1
168 192 1
192 168 1
169 194 1
194 169 1
170 80 1
80 170 1
171 34 1
34 171 1
172 14 1
14 172 1
173 72 1
72 173 1
174 109 1
109 174 1
175 75 1
75 175 1
176 175 1
175 176 1
177 141 1
141 177 1
178 146 1
146 178 1
179 22 1
22 179 1
180 132 1
132 180 1
181 94 1
94 181 1
182 0 1
0 182 1
183 167 1
167 183 1
184 139 1
139 184 1
185 178 1
178 185 1
186 74 1
74 186 1
187 93 1
93 187 1
188 33 1
33 188 1
189 59 1
59 189 1
190 117 1
117 190 1
191 67 1
67 191 1
192 105 1
105 192 1
193 81 1
81 193 1
194 40 1
40 194 1
195 70 1
70 195 1
196 25 1
25 196 1
197 161 1
161 197 1
198 122 1
122 198 1
199 115 1
115 199 1
0 9 1
9 0 1
0 38 1
38 0 1
0 36 1
36 0 1
1 143 1
143 1 1
1 103 1
103 1 1
1 128 1
128 1 1
2 115 1
115 2 1
2 117 1
117 2 1
2 65 1
65 2 1
3 43 1
43 3 1
3 12 1
12 3 1
3 92 1
92 3 1
4 69 1
69 4 1
4 90 1
90 4 1
4 84 1
84 4 1
5 35 1
35 5 1
5 139 1
139 5 1
5 46 1
46 5 1
6 117 1
117 6 1
6 132 1
132 6 1
6 63 1
63 6 1
7 91 1
91 7 1
7 164 1
164 7 1
7 93 1
93 7 1
8 54 1
54 8 1
8 192 1
192 8 1
8 44 1
44 8 1
9 123 1
123 9 1
9 153 1
153 9 1
9 181 1
181 9 1
10 141 1
141 10 1
10 168 1
168 10 1
10 109 1
109 10 1
11 16 1
16 11 1
11 52 1
52 11 1
11 171 1
171 11 1
12 179 1
179 12 1
12 145 1
145 12 1
12 99 1
99 12 1
13 116 1
116 13 1
13 83 1
83 13 1
13 106 1
106 13 1
14 119 1
119 14 1
14 81 1
81 14 1
14 72 1
72 14 1
15 158 1
158 15 1
15 198 1
198 15 1
15 91 1
91 15 1
16 87 1
87 16 1
16 18 1
18 16 1
16 193 1
193 16 1
17 125 1
125 17 1
17 29 1
29 17 1
17 22 1
22 17 1
18 17 1
17 18 1
18 88 1
88 18 1
18 122 1
122 18 1
19 157 1
157 19 1
19 166 1
166 19 1
19 195 1
195 19 1
20 109 1
109 20 1
20 182 1
182 20 1
20 116 1
116 20 1
21 169 1
169 21 1
21 73 1
73 21 1
21 94 1
94 21 1
22 84 1
84 22 1
22 16 1
16 22 1
22 194 1
194 22 1
23 47 1
47 23 1
23 185 1
185 23 1
23 189 1
189 23 1
24 27 1
27 24 1
24 40 1
40 24 1
24 129 1
129 24 1
25 139 1
139 25 1
25 59 1
59 25 1
25 57 1
57 25 1
26 76 1
76 26 1
26 151 1
151 26 1
26 114 1
114 26 1
27 110 1
110 27 1
27 57 1
57 27 1
27 143 1
143 27 1
28 70 1
70 28 1
28 44 1
44 28 1
28 120 1
120 28 1
29 104 1
104 29 1
29 30 1
30 29 1
29 199 1
199 29 1
30 42 1
42 30 1
30 149 1
149 30 1
30 82 1
82 30 1
31 21 1
21 31 1
31 109 1
109 31 1
31 123 1
123 31 1
32 55 1
55 32 1
32 120 1
120 32 1
32 23 1
23 32 1
33 182 1
182 33 1
33 105 1
105 33 1
33 40 1
40 33 1
34 68 1
68 34 1
34 36 1
36 34 1
34 117 1
117 34 1
35 145 1
145 35 1
35 147 1
147 35 1
35 64 1
64 35 1
36 185 1
185 36 1
36 143 1
143 36 1
36 70 1
70 36 1
37 12 1
12 37 1
37 187 1
187 37 1
37 170 1
170 37 1
38 140 1
140 38 1
38 65 1
65 38 1
38 83 1
83 38 1
39 44 1
44 39 1
39 111 1
111 39 1
39 78 1
78 39 1
40 170 1
170 40 1
40 142 1
142 40 1
40 148 1
148 40 1
41 74 1
74 41 1
41 128 1
128 41 1
41 152 1
152 41 1
42 107 1
107 42 1
42 170 1
170 42 1
42 192 1
192 42 1
43 122 1
122 43 1
43 190 1
190 43 1
43 25 1
25 43 1
44 188 1
188 44 1
44 110 1
110 44 1
44 47 1
47 44 1
45 138 1
138 45 1
45 9 1
9 45 1
45 43 1
43 45 1
46 176 1
176 46 1
46 155 1
155 46 1
46 41 1
41 46 1
47 121 1
121 47 1
47 46 1
46 47 1
47 149 1
149 47 1
48 26 1
26 48 1
48 45 1
45 48 1
48 76 1
76 48 1
49 93 1
93 49 1
49 100 1
100 49 1
49 80 1
80 49 1
50 130 1
130 50 1
50 71 1
71 50 1
50 119 1
119 50 1
51 30 1
30 51 1
51 25 1
25 51 1
51 87 1
87 51 1
52 192 1
192 52 1
52 5 1
5 52 1
52 101 1
101 52 1
53 38 1
38 53 1
53 50 1
50 53 1
53 176 1
176 53 1
54 82 1
82 54 1
54 115 1
115 54 1
54 121 1
121 54 1
55 64 1
64 55 1
55 95 1
95 55 1
55 197 1
197 55 1
56 146 1
146 56 1
56 69 1
69 56 1
56 144 1
144 56 1
57 95 1
95 57 1
57 114 1
114 57 1
57 174 1
174 57 1
58 142 1
142 58 1
58 51 1
51 58 1
58 127 1
127 58 1
59 58 1
58 59 1
59 146 1
146 59 1
59 73 1
73 59 1
60 67 1
67 60 1
60 78 1
78 60 1
60 186 1
186 60 1
61 63 1
63 61 1
61 68 1
68 61 1
61 60 1
60 61 1
62 49 1
49 62 1
62 195 1
195 62 1
62 168 1
168 62 1
63 37 1
37 63 1
63 101 1
101 63 1
63 67 1
67 63 1
64 171 1
171 64 1
64 165 1
165 64 1
64 103 1
103 64 1
65 8 1
8 65 1
65 138 1
138 65 1
65 16 1
16 65 1
66 196 1
196 66 1
66 173 1
173 66 1
66 135 1
135 66 1
67 78 1
78 67 1
67 2 1
2 67 1
67 131 1
131 67 1
68 167 1
167 68 1
68 102 1
102 68 1
68 132 1
132 68 1
69 33 1
33 69 1
69 8 1
8 69 1
69 79 1
79 69 1
70 59 1
59 70 1
70 34 1
34 70 1
70 153 1
153 70 1
71 155 1
155 71 1
71 107 1
107 71 1
71 29 1
29 71 1
72 85 1
85 72 1
72 66 1
66 72 1
72 163 1
163 72 1
73 103 1
103 73 1
73 27 1
27 73 1
73 140 1
140 73 1
74 173 1
173 74 1
74 28 1
28 74 1
74 136 1
136 74 1
75 80 1
80 75 1
75 169 1
169 75 1
75 141 1
141 75 1
76 183 1
183 76 1
76 43 1
43 76 1
76 24 1
24 76 1
77 111 1
111 77 1
77 14 1
14 77 1
77 173 1
173 77 1
78 0 1
0 78 1
78 171 1
171 78 1
78 158 1
158 78 1
79 6 1
6 79 1
79 112 1
112 79 1
79 191 1
191 79 1
80 148 1
148 80 1
80 172 1
172 80 1
80 37 1
37 80 1
81 112 1
112 81 1
81 159 1
159 81 1
81 69 1
69 81 1
82 3 1
3 82 1
82 197 1
197 82 1
82 150 1
150 82 1
83 50 1
50 83 1
83 189 1
189 83 1
83 74 1
74 83 1
84 20 1
20 84 1
84 158 1
158 84 1
84 10 1
10 84 1
85 189 1
189 85 1
85 54 1
54 85 1
85 35 1
35 85 1
86 51 1
51 86 1
86 24 1
24 86 1
86 30 1
30 86 1
87 28 1
28 87 1
87 96 1
96 87 1
87 18 1
18 87 1
88 100 1
100 88 1
88 130 1
130 88 1
88 118 1
118 88 1
89 32 1
32 89 1
89 6 1
6 89 1
89 126 1
126 89 1
90 120 1
120 90 1
90 97 1
97 90 1
90 110 1
110 90 1
91 75 1
75 91 1
91 179 1
179 91 1
91 48 1
48 91 1
92 46 1
46 92 1
92 127 1
127 92 1
92 7 1
7 92 1
93 96 1
96 93 1
93 92 1
92 93 1
93 33 1
33 93 1
94 180 1
180 94 1
94 84 1
84 94 1
94 196 1
196 94 1
95 186 1
186 95 1
95 0 1
0 95 1
95 108 1
108 95 1
96 161 1
161 96 1
96 17 1
17 96 1
96 15 1
15 96 1
97 197 1
197 97 1
97 162 1
162 97 1
97 8 1
8 97 1
98 13 1
13 98 1
98 79 1
79 98 1
98 104 1
104 98 1
99 11 1
11 99 1
99 53 1
53 99 1
99 19 1
19 99 1
100 4 1
4 100 1
100 85 1
85 100 1
100 14 1
14 100 1
101 172 1
172 101 1
101 60 1
60 101 1
101 75 1
75 101 1
102 56 1
56 102 1
102 47 1
47 102 1
102 161 1
161 102 1
103 101 1
101 103 1
103 148 1
148 103 1
103 169 1
169 103 1
104 131 1
131 104 1
104 191 1
191 104 1
104 167 1
167 104 1
105 129 1
129 105 1
105 91 1
91 105 1
105 198 1
198 105 1
106 57 1
57 106 1
106 140 1
140 106 1
106 28 1
28 106 1
107 61 1
61 107 1
107 167 1
167 107 1
107 187 1
187 107 1
108 39 1
39 108 1
108 11 1
11 108 1
108 2 1
2 108 1
109 113 1
113 109 1
109 89 1
89 109 1
109 58 1
58 109 1
110 166 1
166 110 1
110 199 1
199 110 1
110 151 1
151 110 1
111 5 1
5 111 1
111 49 1
49 111 1
111 1 1
1 111 1
112 106 1
106 112 1
112 10 1
10 112 1
112 31 1
31 112 1
113 174 1
174 113 1
113 48 1
48 113 1
113 100 1
100 113 1
114 99 1
99 114 1
114 74 1
74 114 1
114 155 1
155 114 1
115 181 1
181 115 1
115 137 1
137 115 1
115 107 1
107 115 1
116 36 1
36 116 1
116 98 1
98 116 1
116 138 1
138 116 1
117 72 1
72 117 1
117 178 1
178 117 1
117 86 1
86 117 1
118 159 1
159 118 1
118 161 1
161 118 1
118 180 1
180 118 1
119 198 1
198 119 1
119 67 1
67 119 1
119 53 1
53 119 1
120 134 1
134 120 1
120 123 1
123 120 1
120 54 1
54 120 1
121 132 1
132 121 1
121 75 1
75 121 1
121 185 1
185 121 1
122 135 1
135 122 1
122 183 1
183 122 1
122 66 1
66 122 1
123 162 1
162 123 1
123 121 1
121 123 1
123 154 1
154 123 1
124 160 1
160 124 1
124 63 1
63 124 1
124 26 1
26 124 1
125 73 1
73 125 1
125 108 1
108 125 1
125 162 1
162 125 1
126 24 1
24 126 1
126 134 1
134 126 1
126 77 1
77 126 1
127 195 1
195 127 1
127 181 1
181 127 1
127 190 1
190 127 1
128 150 1
150 128 1
128 32 1
32 128 1
128 97 1
97 128 1
129 10 1
10 129 1
129 41 1
41 129 1
129 42 1
42 129 1
130 153 1
153 130 1
130 7 1
7 130 1
130 45 1
45 130 1
131 29 1
29 131 1
131 152 1
152 131 1
131 124 1
124 131 1
132 105 1
105 132 1
132 186 1
186 132 1
132 0 1
0 132 1
133 151 1
151 133 1
133 177 1
177 133 1
133 6 1
6 133 1
134 41 1
41 134 1
134 196 1
196 134 1
134 102 1
102 134 1
135 81 1
81 135 1
135 93 1
93 135 1
135 112 1
112 135 1
136 124 1
124 136 1
136 94 1
94 136 1
136 146 1
146 136 1
137 164 1
164 137 1
137 64 1
64 137 1
137 183 1
183 137 1
138 108 1
108 138 1
138 56 1
56 138 1
138 134 1
134 138 1
139 77 1
77 139 1
139 33 1
33 139 1
139 51 1
51 139 1
140 79 1
79 140 1
140 124 1
124 140 1
140 4 1
4 140 1
141 40 1
40 141 1
141 15 1
15 141 1
141 50 1
50 141 1
142 149 1
149 142 1
142 184 1
184 142 1
142 38 1
38 142 1
143 89 1
89 143 1
143 131 1
131 143 1
143 55 1
55 143 1
144 66 1
66 144 1
144 113 1
113 144 1
144 133 1
133 144 1
145 163 1
163 145 1
145 70 1
70 145 1
145 5 1
5 145 1
146 118 1
118 146 1
146 19 1
19 146 1
146 111 1
111 146 1
147 52 1
52 147 1
147 82 1
82 147 1
147 61 1
61 147 1
148 88 1
88 148 1
148 122 1
122 148 1
148 59 1
59 148 1
149 98 1
98 149 1
149 58 1
58 149 1
149 27 1
27 149 1
150 53 1
53 150 1
150 119 1
119 150 1
150 177 1
177 150 1
151 190 1
190 151 1
151 144 1
144 151 1
151 175 1
175 151 1
152 65 1
65 152 1
152 176 1
176 152 1
152 56 1
56 152 1
153 156 1
156 153 1
153 76 1
76 153 1
153 12 1
12 153 1
154 136 1
136 154 1
154 21 1
21 154 1
154 178 1
178 154 1
155 25 1
25 155 1
155 136 1
136 155 1
155 139 1
139 155 1
156 114 1
114 156 1
156 126 1
126 156 1
156 21 1
21 156 1
157 168 1
168 157 1
157 42 1
42 157 1
157 113 1
113 157 1
158 90 1
90 158 1
158 87 1
87 158 1
158 98 1
98 158 1
159 102 1
102 159 1
159 154 1
154 159 1
159 85 1
85 159 1
160 7 1
7 160 1
160 157 1
157 160 1
160 125 1
125 160 1
161 147 1
147 161 1
161 4 1
4 161 1
161 160 1
160 161 1
162 31 1
31 162 1
162 3 1
3 162 1
162 96 1
96 162 1
163 191 1
191 163 1
163 26 1
26 163 1
163 157 1
157 163 1
164 71 1
71 164 1
164 1 1
1 164 1
164 95 1
95 164 1
165 60 1
60 165 1
165 160 1
160 165 1
165 164 1
164 165 1
166 199 1
199 166 1
166 135 1
135 166 1
166 17 1
17 166 1
167 14 1
14 167 1
167 150 1
150 167 1
167 71 1
71 167 1
168 193 1
193 168 1
168 174 1
174 168 1
168 49 1
49 168 1
169 62 1
62 169 1
169 31 1
31 169 1
169 115 1
115 169 1
170 83 1
83 170 1
170 193 1
193 170 1
170 3 1
3 170 1
171 23 1
23 171 1
171 62 1
62 171 1
171 88 1
88 171 1
172 165 1
165 172 1
172 77 1
77 172 1
172 147 1
147 172 1
173 126 1
126 173 1
173 133 1
133 173 1
173 11 1
11 173 1
174 175 1
175 174 1
174 118 1
118 174 1
174 130 1
130 174 1
175 86 1
86 175 1
175 13 1
13 175 1
175 20 1
20 175 1
176 154 1
154 176 1
176 23 1
23 176 1
176 182 1
182 176 1
177 2 1
2 177 1
177 194 1
194 177 1
177 68 1
68 177 1
178 48 1
48 178 1
178 55 1
55 178 1
178 179 1
179 178 1
179 144 1
144 179 1
179 20 1
20 179 1
179 13 1
13 179 1
180 92 1
92 180 1
180 22 1
22 180 1
180 156 1
156 180 1
181 1 1
1 181 1
181 125 1
125 181 1
181 52 1
52 181 1
182 178 1
178 182 1
182 86 1
86 182 1
182 81 1
81 182 1
183 34 1
34 183 1
183 156 1
156 183 1
183 9 1
9 183 1
184 128 1
128 184 1
184 99 1
99 184 1
184 105 1
105 184 1
185 137 1
137 185 1
185 72 1
72 185 1
185 188 1
188 185 1
186 133 1
133 186 1
186 116 1
116 186 1
186 165 1
165 186 1
187 15 1
15 187 1
187 35 1
35 187 1
187 145 1
145 187 1
188 94 1
94 188 1
188 129 1
129 188 1
188 34 1
34 188 1
189 177 1
177 189 1
189 37 1
37 189 1
189 166 1
166 189 1
190 187 1
187 190 1
190 188 1
188 190 1
190 39 1
39 190 1
191 152 1
152 191 1
191 80 1
80 191 1
191 32 1
32 191 1
192 18 1
18 192 1
192 175 1
175 192 1
192 137 1
137 192 1
193 97 1
97 193 1
193 106 1
106 193 1
193 89 1
89 193 1
194 45 1
45 194 1
194 163 1
163 194 1
194 90 1
90 194 1
195 194 1
194 195 1
195 61 1
61 195 1
195 184 1
184 195 1
196 184 1
184 196 1
196 141 1
141 196 1
196 172 1
172 196 1
197 127 1
127 197 1
197 39 1
39 197 1
197 142 1
142 197 1
198 19 1
19 198 1
198 180 1
180 198 1
198 62 1
62 198 1
199 22 1
22 199 1
199 104 1
104 199 1
199 159 1
159 199 1
0 169 1
169 0 1
1 20 1
20 1 1
2 87 1
87 2 1
3 187 1
187 3 1
4 119 1
119 4 1
5 18 1
18 5 1
6 124 1
124 6 1
7 24 1
24 7 1
8 6 1
6 8 1
9 104 1
104 9 1
10 0 1
0 10 1
11 109 1
109 11 1
12 13 1
13 12 1
13 126 1
126 13 1
14 16 1
16 14 1
15 80 1
80 15 1
16 123 1
123 16 1
17 190 1
190 17 1
18 48 1
48 18 1
19 59 1
59 19 1
20 68 1
68 20 1
21 143 1
143 21 1
22 15 1
15 22 1
23 50 1
50 23 1
24 189 1
189 24 1
25 60 1
60 25 1
26 125 1
125 26 1
27 175 1
175 27 1
28 140 1
140 28 1
29 106 1
106 29 1
30 31 1
31 30 1
31 150 1
150 31 1
32 51 1
51 32 1
33 4 1
4 33 1
34 193 1
193 34 1
35 182 1
182 35 1
36 9 1
9 36 1
37 69 1
69 37 1
38 32 1
32 38 1
39 102 1
102 39 1
40 147 1
147 40 1
41 95 1
95 41 1
42 160 1
160 42 1
43 134 1
134 43 1
44 178 1
178 44 1
45 30 1
30 45 1
46 72 1
72 46 1
47 183 1
183 47 1
48 79 1
79 48 1
49 151 1
151 49 1
50 108 1
108 50 1
51 57 1
57 51 1
52 121 1
121 52 1
53 34 1
34 53 1
54 146 1
146 54 1
55 91 1
91 55 1
56 141 1
141 56 1
57 113 1
113 57 1
58 67 1
67 58 1
59 17 1
17 59 1
60 84 1
84 60 1
61 184 1
184 61 1
62 70 1
70 62 1
63 3 1
3 63 1
64 122 1
122 64 1
65 136 1
136 65 1
66 37 1
37 66 1
67 64 1
64 67 1
68 73 1
73 68 1
69 149 1
149 69 1
70 165 1
165 70 1
71 148 1
148 71 1
72 194 1
194 72 1
73 154 1
154 73 1
74 85 1
85 74 1
75 110 1
110 75 1
76 100 1
100 76 1
77 166 1
166 77 1
78 65 1
65 78 1
79 153 1
153 79 1
80 129 1
129 80 1
81 88 1
88 81 1
82 131 1
131 82 1
83 54 1
54 83 1
84 61 1
61 84 1
85 111 1
111 85 1
86 75 1
75 86 1
87 170 1
170 87 1
88 44 1
44 88 1
89 196 1
196 89 1
90 14 1
14 90 1
91 56 1
56 91 1
92 105 1
105 92 1
93 52 1
52 93 1
94 28 1
28 94 1
95 115 1
115 95 1
96 77 1
77 96 1
97 130 1
130 97 1
98 168 1
168 98 1
99 33 1
33 99 1
100 195 1
195 100 1
101 118 1
118 101 1
102 53 1
53 102 1
103 71 1
71 103 1
104 55 1
55 104 1
105 185 1
185 105 1
106 116 1
116 106 1
107 180 1
180 107 1
108 107 1
107 108 1
109 132 1
132 109 1
110 179 1
179 110 1
111 82 1
82 111 1
112 133 1
133 112 1
113 99 1
99 113 1
114 93 1
93 114 1
115 7 1
7 115 1
116 81 1
81 116 1
117 155 1
155 117 1
118 137 1
137 118 1
119 138 1
138 119 1
120 112 1
112 120 1
121 46 1
46 121 1
122 172 1
172 122 1
123 89 1
89 123 1
124 162 1
162 124 1
125 199 1
199 125 1
126 58 1
58 126 1
127 74 1
74 127 1
128 159 1
159 128 1
129 139 1
139 129 1
130 114 1
114 130 1
131 5 1
5 131 1
132 49 1
49 132 1
133 39 1
39 133 1
134 94 1
94 134 1
135 163 1
163 135 1
136 127 1
127 136 1
137 78 1
78 137 1
138 174 1
174 138 1
139 62 1
62 139 1
140 135 1
135 140 1
141 96 1
96 141 1
142 176 1
176 142 1
143 41 1
41 143 1
144 36 1
36 144 1
145 66 1
66 145 1
146 164 1
164 146 1
147 188 1
188 147 1
148 27 1
27 148 1
149 40 1
40 149 1
150 145 1
145 150 1
151 191 1
191 151 1
152 161 1
161 152 1
153 171 1
171 153 1
154 47 1
47 154 1
155 181 1
181 155 1
156 11 1
11 156 1
157 117 1
117 157 1
158 83 1
83 158 1
159 192 1
192 159 1
160 101 1
101 160 1
161 25 1
25 161 1
162 2 1
2 162 1
163 45 1
45 163 1
164 156 1
156 164 1
165 142 1
142 165 1
166 92 1
92 166 1
167 128 1
128 167 1
168 43 1
43 168 1
169 35 1
35 169 1
170 10 1
10 170 1
171 38 1
38 171 1
172 76 1
76 172 1
173 19 1
19 173 1
174 198 1
198 174 1
175 12 1
12 175 1
176 197 1
197 176 1
177 8 1
8 177 1
178 26 1
26 178 1
179 42 1
42 179 1
180 21 1
21 180 1
181 186 1
186 181 1
182 97 1
97 182 1
183 144 1
144 183 1
184 23 1
23 184 1
185 177 1
177 185 1
186 173 1
173 186 1
187 63 1
63 187 1
188 103 1
103 188 1
189 22 1
22 189 1
190 120 1
120 190 1
191 90 1
90 191 1
192 86 1
86 192 1
193 98 1
98 193 1
194 158 1
158 194 1
195 29 1
29 195 1
196 1 1
1 196 1
197 157 1
157 197 1
198 152 1
152 198 1
199 167 1
167 199 1
0 165 1
165 0 1
0 106 1
106 0 1
1 31 1
31 1 1
1 19 1
19 1 1
2 34 1
34 2 1
2 90 1
90 2 1
3 123 1
123 3 1
3 185 1
185 3 1
4 63 1
63 4 1
4 6 1
6 4 1
5 143 1
143 5 1
5 2 1
2 5 1
6 114 1
114 6 1
6 27 1
27 6 1
7 185 1
185 7 1
7 153 1
153 7 1
8 58 1
58 8 1
8 85 1
85 8 1
9 1 1
1 9 1
9 31 1
31 9 1
10 76 1
76 10 1
10 72 1
72 10 1
11 74 1
74 11 1
11 140 1
140 11 1
12 61 1
61 12 1
12 155 1
155 12 1
13 2 1
2 13 1
13 149 1
149 13 1
14 126 1
126 14 1
14 56 1
56 14 1
15 13 1
13 15 1
15 161 1
161 15 1
16 33 1
33 16 1
16 132 1
132 16 1
17 37 1
37 17 1
17 180 1
180 17 1
18 21 1
21 18 1
18 7 1
7 18 1
19 148 1
148 19 1
19 121 1
121 19 1
20 167 1
167 20 1
20 11 1
11 20 1
21 5 1
5 21 1
21 28 1
28 21 1
22 153 1
153 22 1
22 195 1
195 22 1
23 99 1
99 23 1
23 113 1
113 23 1
24 46 1
46 24 1
24 169 1
169 24 1
25 195 1
195 25 1
25 82 1
82 25 1
26 66 1
66 26 1
26 42 1
42 26 1
27 128 1
128 27 1
27 112 1
112 27 1
28 59 1
59 28 1
28 170 1
170 28 1
29 115 1
115 29 1
29 14 1
14 29 1
30 160 1
160 30 1
30 109 1
109 30 1
31 176 1
176 31 1
31 114 1
114 31 1
32 103 1
103 32 1
32 84 1
84 32 1
33 96 1
96 33 1
33 80 1
80 33 1
34 83 1
83 34 1
34 187 1
187 34 1
35 166 1
166 35 1
35 94 1
94 35 1
36 88 1
88 36 1
36 75 1
75 36 1
37 10 1
10 37 1
37 179 1
179 37 1
38 145 1
145 38 1
38 30 1
30 38 1
39 177 1
177 39 1
39 184 1
184 39 1
40 69 1
69 40 1
40 143 1
143 40 1
41 9 1
9 41 1
41 100 1
100 41 1
42 184 1
184 42 1
42 101 1
101 42 1
43 44 1
44 43 1
43 162 1
162 43 1
44 119 1
119 44 1
44 148 1
148 44 1
45 35 1
35 45 1
45 177 1
177 45 1
46 163 1
163 46 1
46 136 1
136 46 1
47 151 1
151 47 1
47 40 1
40 47 1
48 170 1
170 48 1
48 53 1
53 48 1
49 20 1
20 49 1
49 57 1
57 49 1
50 135 1
135 50 1
50 194 1
194 50 1
51 116 1
116 51 1
51 131 1
131 51 1
52 137 1
137 52 1
52 128 1
128 52 1
53 162 1
162 53 1
53 135 1
135 53 1
54 7 1
7 54 1
54 193 1
193 54 1
55 154 1
154 55 1
55 71 1
71 55 1
56 62 1
62 56 1
56 25 1
25 56 1
57 17 1
17 57 1
57 198 1
198 57 1
58 175 1
175 58 1
58 69 1
69 58 1
59 79 1
79 59 1
59 95 1
95 59 1
60 144 1
144 60 1
60 29 1
29 60 1
61 32 1
32 61 1
61 105 1
105 61 1
62 95 1
95 62 1
62 12 1
12 62 1
63 161 1
161 63 1
63 86 1
86 63 1
64 98 1
98 64 1
64 39 1
39 64 1
65 198 1
198 65 1
65 0 1
0 65 1
66 117 1
117 66 1
66 62 1
62 66 1
67 180 1
180 67 1
67 88 1
88 67 1
68 23 1
23 68 1
68 77 1
77 68 1
69 196 1
196 69 1
69 23 1
23 69 1
70 150 1
150 70 1
70 60 1
60 70 1
71 140 1
140 71 1
71 130 1
130 71 1
72 38 1
38 72 1
72 96 1
96 72 1
73 130 1
130 73 1
73 111 1
111 73 1
74 86 1
86 74 1
74 172 1
172 74 1
75 71 1
71 75 1
75 158 1
158 75 1
76 68 1
68 76 1
76 159 1
159 76 1
77 187 1
187 77 1
77 145 1
145 77 1
78 57 1
57 78 1
78 120 1
120 78 1
79 193 1
193 79 1
79 34 1
34 79 1
80 72 1
72 80 1
80 36 1
36 80 1
81 136 1
136 81 1
81 67 1
67 81 1
82 113 1
113 82 1
82 22 1
22 82 1
83 51 1
51 83 1
83 178 1
178 83 1
84 146 1
146 84 1
84 133 1
133 84 1
85 81 1
81 85 1
85 199 1
199 85 1
86 112 1
112 86 1
86 64 1
64 86 1
87 24 1
24 87 1
87 142 1
142 87 1
88 174 1
174 88 1
88 189 1
189 88 1
89 169 1
169 89 1
89 171 1
171 89 1
90 104 1
104 90 1
90 134 1
134 90 1
91 8 1
8 91 1
91 129 1
129 91 1
92 22 1
22 92 1
92 44 1
44 92 1
93 6 1
6 93 1
93 15 1
15 93 1
94 132 1
132 94 1
94 20 1
20 94 1
95 194 1
194 95 1
95 65 1
65 95 1
96 48 1
48 96 1
96 165 1
165 96 1
97 157 1
157 97 1
97 138 1
138 97 1
98 14 1
14 98 1
98 147 1
147 98 1
99 106 1
106 99 1
99 117 1
117 99 1
100 30 1
30 100 1
100 115 1
115 100 1
101 141 1
141 101 1
101 73 1
73 101 1
102 15 1
15 102 1
102 8 1
8 102 1
103 192 1
192 103 1
103 46 1
46 103 1
104 189 1
189 104 1
104 52 1
52 104 1
105 55 1
55 105 1
105 108 1
108 105 1
106 80 1
80 106 1
106 21 1
21 106 1
107 0 1
0 107 1
107 17 1
17 107 1
108 152 1
152 108 1
108 70 1
70 108 1
109 27 1
27 109 1
109 116 1
116 109 1
110 73 1
73 110 1
110 99 1
99 110 1
111 4 1
4 111 1
111 41 1
41 111 1
112 125 1
125 112 1
112 26 1
26 112 1
113 52 1
52 113 1
113 54 1
54 113 1
114 3 1
3 114 1
114 103 1
103 114 1
115 93 1
93 115 1
115 9 1
9 115 1
116 89 1
89 116 1
116 37 1
37 116 1
117 25 1
25 117 1
117 192 1
192 117 1
118 156 1
156 118 1
118 151 1
151 118 1
119 100 1
100 119 1
119 43 1
43 119 1
120 56 1
56 120 1
120 166 1
166 120 1
121 16 1
16 121 1
121 87 1
87 121 1
122 49 1
49 122 1
122 16 1
16 122 1
123 40 1
40 123 1
123 49 1
49 123 1
124 158 1
158 124 1
124 59 1
59 124 1
125 164 1
164 125 1
125 137 1
137 125 1
126 92 1
92 126 1
126 102 1
102 126 1
127 107 1
107 127 1
127 50 1
50 127 1
128 138 1
138 128 1
128 197 1
197 128 1
129 179 1
179 129 1
129 76 1
76 129 1
130 60 1
60 130 1
130 119 1
119 130 1
131 172 1
172 131 1
131 93 1
93 131 1
132 131 1
131 132 1
132 61 1
61 132 1
133 121 1
121 133 1
133 35 1
35 133 1
134 54 1
54 134 1
134 104 1
104 134 1
135 111 1
111 135 1
135 139 1
139 135 1
136 197 1
197 136 1
136 168 1
168 136 1
137 12 1
12 137 1
137 160 1
160 137 1
138 94 1
94 138 1
138 118 1
118 138 1
139 181 1
181 139 1
139 196 1
196 139 1
140 191 1
191 140 1
140 81 1
81 140 1
141 18 1
18 141 1
141 164 1
164 141 1
142 67 1
67 142 1
142 78 1
78 142 1
143 139 1
139 143 1
143 150 1
150 143 1
144 109 1
109 144 1
144 110 1
110 144 1
145 43 1
43 145 1
145 182 1
182 145 1
146 183 1
183 146 1
146 175 1
175 146 1
147 122 1
122 147 1
147 63 1
63 147 1
148 142 1
142 148 1
148 190 1
190 148 1
149 108 1
108 149 1
149 3 1
3 149 1
150 133 1
133 150 1
150 144 1
144 150 1
151 70 1
70 151 1
151 107 1
107 151 1
152 82 1
82 152 1
152 188 1
188 152 1
153 28 1
28 153 1
153 45 1
45 153 1
154 134 1
134 154 1
154 183 1
183 154 1
155 168 1
168 155 1
155 33 1
33 155 1
156 45 1
45 156 1
156 152 1
152 156 1
157 90 1
90 157 1
157 127 1
127 157 1
158 127 1
127 158 1
158 122 1
122 158 1
159 110 1
110 159 1
159 18 1
18 159 1
160 129 1
129 160 1
160 181 1
181 160 1
161 11 1
11 161 1
161 58 1
58 161 1
162 65 1
65 162 1
162 141 1
141 162 1
163 149 1
149 163 1
163 98 1
98 163 1
164 118 1
118 164 1
164 51 1
51 164 1
165 19 1
19 165 1
165 74 1
74 165 1
166 124 1
124 166 1
166 83 1
83 166 1
167 97 1
97 167 1
167 32 1
32 167 1
168 91 1
91 168 1
168 146 1
146 168 1
169 105 1
105 169 1
169 173 1
173 169 1
170 47 1
47 170 1
170 176 1
176 170 1
171 101 1
101 171 1
171 1 1
1 171 1
172 87 1
87 172 1
172 79 1
79 172 1
173 159 1
159 173 1
173 5 1
5 173 1
174 42 1
42 174 1
174 68 1
68 174 1
175 178 1
178 175 1
175 91 1
91 175 1
176 64 1
64 176 1
176 167 1
167 176 1
177 29 1
29 177 1
177 10 1
10 177 1
178 50 1
50 178 1
178 92 1
92 178 1
179 188 1
188 179 1
179 154 1
154 179 1
180 190 1
190 180 1
180 126 1
126 180 1
181 147 1
147 181 1
181 124 1
124 181 1
182 78 1
78 182 1
182 163 1
163 182 1
183 120 1
120 183 1
183 89 1
89 183 1
184 173 1
173 184 1
184 174 1
174 184 1
185 53 1
53 185 1
185 125 1
125 185 1
186 182 1
182 186 1
186 38 1
38 186 1
187 186 1
186 187 1
187 97 1
97 187 1
188 41 1
41 188 1
188 156 1
156 188 1
189 155 1
155 189 1
189 186 1
186 189 1
190 85 1
85 190 1
190 4 1
4 190 1
191 171 1
171 191 1
191 157 1
157 191 1
192 39 1
39 192 1
192 48 1
48 192 1
193 84 1
84 193 1
193 66 1
66 193 1
194 77 1
77 194 1
194 55 1
55 194 1
195 36 1
36 195 1
195 24 1
24 195 1
196 199 1
199 196 1
196 47 1
47 196 1
197 75 1
75 197 1
197 191 1
191 197 1
198 102 1
102 198 1
198 13 1
13 198 1
199 26 1
26 199 1
199 123 1
123 199 1
