LinkID,SourceID,DestinationID,PeerID,Cost,Bandwidth,Delay,SRLGNum,SRLGs
0,0,90,0,1,0,0,0,0
1,90,0,0,1,0,0,0,0
2,90,15,0,1,0,0,0,0
3,15,90,0,1,0,0,0,0
4,149,144,0,1,0,0,0,0
5,144,149,0,1,0,0,0,0
6,144,64,0,1,0,0,0,0
7,64,144,0,1,0,0,0,0
8,148,137,0,1,0,0,0,0
9,137,148,0,1,0,0,0,0
10,137,56,0,1,0,0,0,0
11,56,137,0,1,0,0,0,0
12,147,62,0,1,0,0,0,0
13,62,147,0,1,0,0,0,0
14,62,134,0,1,0,0,0,0
15,134,62,0,1,0,0,0,0
16,146,118,0,1,0,0,0,0
17,118,146,0,1,0,0,0,0
18,118,39,0,1,0,0,0,0
19,39,118,0,1,0,0,0,0
20,145,36,0,1,0,0,0,0
21,36,145,0,1,0,0,0,0
22,36,11,0,1,0,0,0,0
23,11,36,0,1,0,0,0,0
24,143,7,0,1,0,0,0,0
25,7,143,0,1,0,0,0,0
26,7,53,0,1,0,0,0,0
27,53,7,0,1,0,0,0,0
28,142,120,0,1,0,0,0,0
29,120,142,0,1,0,0,0,0
30,120,83,0,1,0,0,0,0
31,83,120,0,1,0,0,0,0
32,141,60,0,1,0,0,0,0
33,60,141,0,1,0,0,0,0
34,60,12,0,1,0,0,0,0
35,12,60,0,1,0,0,0,0
36,140,70,0,1,0,0,0,0
37,70,140,0,1,0,0,0,0
38,70,47,0,1,0,0,0,0
39,47,70,0,1,0,0,0,0
40,139,148,0,1,0,0,0,0
41,148,139,0,1,0,0,0,0
42,138,21,0,1,0,0,0,0
43,21,138,0,1,0,0,0,0
44,21,34,0,1,0,0,0,0
45,34,21,0,1,0,0,0,0
46,136,98,0,1,0,0,0,0
47,98,136,0,1,0,0,0,0
48,98,99,0,1,0,0,0,0
49,99,98,0,1,0,0,0,0
50,135,116,0,1,0,0,0,0
51,116,135,0,1,0,0,0,0
52,116,125,0,1,0,0,0,0
53,125,116,0,1,0,0,0,0
54,134,145,0,1,0,0,0,0
55,145,134,0,1,0,0,0,0
56,133,61,0,1,0,0,0,0
57,61,133,0,1,0,0,0,0
58,61,5,0,1,0,0,0,0
59,5,61,0,1,0,0,0,0
60,132,6,0,1,0,0,0,0
61,6,132,0,1,0,0,0,0
62,6,79,0,1,0,0,0,0
63,79,6,0,1,0,0,0,0
64,131,50,0,1,0,0,0,0
65,50,131,0,1,0,0,0,0
66,50,63,0,1,0,0,0,0
67,63,50,0,1,0,0,0,0
68,130,55,0,1,0,0,0,0
69,55,130,0,1,0,0,0,0
70,55,141,0,1,0,0,0,0
71,141,55,0,1,0,0,0,0
72,129,3,0,1,0,0,0,0
73,3,129,0,1,0,0,0,0
74,3,35,0,1,0,0,0,0
75,35,3,0,1,0,0,0,0
76,128,0,0,1,0,0,0,0
77,0,128,0,1,0,0,0,0
78,127,146,0,1,0,0,0,0
79,146,127,0,1,0,0,0,0
80,126,38,0,1,0,0,0,0
81,38,126,0,1,0,0,0,0
82,38,122,0,1,0,0,0,0
83,122,38,0,1,0,0,0,0
84,125,75,0,1,0,0,0,0
85,75,125,0,1,0,0,0,0
86,124,31,0,1,0,0,0,0
87,31,124,0,1,0,0,0,0
88,31,1,0,1,0,0,0,0
89,1,31,0,1,0,0,0,0
90,123,27,0,1,0,0,0,0
91,27,123,0,1,0,0,0,0
92,27,101,0,1,0,0,0,0
93,101,27,0,1,0,0,0,0
94,122,88,0,1,0,0,0,0
95,88,122,0,1,0,0,0,0
96,121,109,0,1,0,0,0,0
97,109,121,0,1,0,0,0,0
98,109,117,0,1,0,0,0,0
99,117,109,0,1,0,0,0,0
100,119,105,0,1,0,0,0,0
101,105,119,0,1,0,0,0,0
102,105,24,0,1,0,0,0,0
103,24,105,0,1,0,0,0,0
104,117,41,0,1,0,0,0,0
105,41,117,0,1,0,0,0,0
106,115,140,0,1,0,0,0,0
107,140,115,0,1,0,0,0,0
108,114,37,0,1,0,0,0,0
109,37,114,0,1,0,0,0,0
110,37,94,0,1,0,0,0,0
111,94,37,0,1,0,0,0,0
112,113,71,0,1,0,0,0,0
113,71,113,0,1,0,0,0,0
114,71,111,0,1,0,0,0,0
115,111,71,0,1,0,0,0,0
116,112,67,0,1,0,0,0,0
117,67,112,0,1,0,0,0,0
118,67,139,0,1,0,0,0,0
119,139,67,0,1,0,0,0,0
120,111,10,0,1,0,0,0,0
121,10,111,0,1,0,0,0,0
122,110,81,0,1,0,0,0,0
123,81,110,0,1,0,0,0,0
124,81,84,0,1,0,0,0,0
125,84,81,0,1,0,0,0,0
126,108,51,0,1,0,0,0,0
127,51,108,0,1,0,0,0,0
128,51,57,0,1,0,0,0,0
129,57,51,0,1,0,0,0,0
130,107,149,0,1,0,0,0,0
131,149,107,0,1,0,0,0,0
132,106,82,0,1,0,0,0,0
133,82,106,0,1,0,0,0,0
134,82,45,0,1,0,0,0,0
135,45,82,0,1,0,0,0,0
136,104,20,0,1,0,0,0,0
137,20,104,0,1,0,0,0,0
138,20,119,0,1,0,0,0,0
139,119,20,0,1,0,0,0,0
140,103,110,0,1,0,0,0,0
141,110,103,0,1,0,0,0,0
142,102,132,0,1,0,0,0,0
143,132,102,0,1,0,0,0,0
144,101,77,0,1,0,0,0,0
145,77,101,0,1,0,0,0,0
146,100,106,0,1,0,0,0,0
147,106,100,0,1,0,0,0,0
148,99,14,0,1,0,0,0,0
149,14,99,0,1,0,0,0,0
150,97,103,0,1,0,0,0,0
151,103,97,0,1,0,0,0,0
152,96,138,0,1,0,0,0,0
153,138,96,0,1,0,0,0,0
154,95,128,0,1,0,0,0,0
155,128,95,0,1,0,0,0,0
156,94,13,0,1,0,0,0,0
157,13,94,0,1,0,0,0,0
158,93,28,0,1,0,0,0,0
159,28,93,0,1,0,0,0,0
160,28,127,0,1,0,0,0,0
161,127,28,0,1,0,0,0,0
162,92,42,0,1,0,0,0,0
163,42,92,0,1,0,0,0,0
164,42,87,0,1,0,0,0,0
165,87,42,0,1,0,0,0,0
166,91,52,0,1,0,0,0,0
167,52,91,0,1,0,0,0,0
168,52,126,0,1,0,0,0,0
169,126,52,0,1,0,0,0,0
170,89,135,0,1,0,0,0,0
171,135,89,0,1,0,0,0,0
172,88,58,0,1,0,0,0,0
173,58,88,0,1,0,0,0,0
174,87,4,0,1,0,0,0,0
175,4,87,0,1,0,0,0,0
176,86,104,0,1,0,0,0,0
177,104,86,0,1,0,0,0,0
178,85,92,0,1,0,0,0,0
179,92,85,0,1,0,0,0,0
180,84,114,0,1,0,0,0,0
181,114,84,0,1,0,0,0,0
182,83,44,0,1,0,0,0,0
183,44,83,0,1,0,0,0,0
184,80,19,0,1,0,0,0,0
185,19,80,0,1,0,0,0,0
186,19,59,0,1,0,0,0,0
187,59,19,0,1,0,0,0,0
188,79,25,0,1,0,0,0,0
189,25,79,0,1,0,0,0,0
190,78,85,0,1,0,0,0,0
191,85,78,0,1,0,0,0,0
192,77,76,0,1,0,0,0,0
193,76,77,0,1,0,0,0,0
194,76,80,0,1,0,0,0,0
195,80,76,0,1,0,0,0,0
196,75,123,0,1,0,0,0,0
197,123,75,0,1,0,0,0,0
198,74,115,0,1,0,0,0,0
199,115,74,0,1,0,0,0,0
200,73,18,0,1,0,0,0,0
201,18,73,0,1,0,0,0,0
202,18,108,0,1,0,0,0,0
203,108,18,0,1,0,0,0,0
204,72,30,0,1,0,0,0,0
205,30,72,0,1,0,0,0,0
206,30,133,0,1,0,0,0,0
207,133,30,0,1,0,0,0,0
208,69,65,0,1,0,0,0,0
209,65,69,0,1,0,0,0,0
210,65,93,0,1,0,0,0,0
211,93,65,0,1,0,0,0,0
212,68,29,0,1,0,0,0,0
213,29,68,0,1,0,0,0,0
214,29,131,0,1,0,0,0,0
215,131,29,0,1,0,0,0,0
216,66,102,0,1,0,0,0,0
217,102,66,0,1,0,0,0,0
218,64,100,0,1,0,0,0,0
219,100,64,0,1,0,0,0,0
220,63,107,0,1,0,0,0,0
221,107,63,0,1,0,0,0,0
222,59,97,0,1,0,0,0,0
223,97,59,0,1,0,0,0,0
224,58,129,0,1,0,0,0,0
225,129,58,0,1,0,0,0,0
226,57,112,0,1,0,0,0,0
227,112,57,0,1,0,0,0,0
228,56,26,0,1,0,0,0,0
229,26,56,0,1,0,0,0,0
230,54,78,0,1,0,0,0,0
231,78,54,0,1,0,0,0,0
232,53,136,0,1,0,0,0,0
233,136,53,0,1,0,0,0,0
234,49,40,0,1,0,0,0,0
235,40,49,0,1,0,0,0,0
236,40,147,0,1,0,0,0,0
237,147,40,0,1,0,0,0,0
238,48,66,0,1,0,0,0,0
239,66,48,0,1,0,0,0,0
240,47,69,0,1,0,0,0,0
241,69,47,0,1,0,0,0,0
242,46,17,0,1,0,0,0,0
243,17,46,0,1,0,0,0,0
244,17,113,0,1,0,0,0,0
245,113,17,0,1,0,0,0,0
246,45,32,0,1,0,0,0,0
247,32,45,0,1,0,0,0,0
248,44,46,0,1,0,0,0,0
249,46,44,0,1,0,0,0,0
250,43,2,0,1,0,0,0,0
251,2,43,0,1,0,0,0,0
252,2,91,0,1,0,0,0,0
253,91,2,0,1,0,0,0,0
254,41,43,0,1,0,0,0,0
255,43,41,0,1,0,0,0,0
256,39,130,0,1,0,0,0,0
257,130,39,0,1,0,0,0,0
258,35,22,0,1,0,0,0,0
259,22,35,0,1,0,0,0,0
260,34,49,0,1,0,0,0,0
261,49,34,0,1,0,0,0,0
262,33,16,0,1,0,0,0,0
263,16,33,0,1,0,0,0,0
264,16,124,0,1,0,0,0,0
265,124,16,0,1,0,0,0,0
266,32,142,0,1,0,0,0,0
267,142,32,0,1,0,0,0,0
268,26,96,0,1,0,0,0,0
269,96,26,0,1,0,0,0,0
270,25,72,0,1,0,0,0,0
271,72,25,0,1,0,0,0,0
272,24,74,0,1,0,0,0,0
273,74,24,0,1,0,0,0,0
274,23,95,0,1,0,0,0,0
275,95,23,0,1,0,0,0,0
276,22,54,0,1,0,0,0,0
277,54,22,0,1,0,0,0,0
278,15,9,0,1,0,0,0,0
279,9,15,0,1,0,0,0,0
280,14,48,0,1,0,0,0,0
281,48,14,0,1,0,0,0,0
282,13,73,0,1,0,0,0,0
283,73,13,0,1,0,0,0,0
284,12,68,0,1,0,0,0,0
285,68,12,0,1,0,0,0,0
286,11,121,0,1,0,0,0,0
287,121,11,0,1,0,0,0,0
288,10,23,0,1,0,0,0,0
289,23,10,0,1,0,0,0,0
290,9,89,0,1,0,0,0,0
291,89,9,0,1,0,0,0,0
292,8,33,0,1,0,0,0,0
293,33,8,0,1,0,0,0,0
294,5,86,0,1,0,0,0,0
295,86,5,0,1,0,0,0,0
296,4,8,0,1,0,0,0,0
297,8,4,0,1,0,0,0,0
298,1,143,0,1,0,0,0,0
299,143,1,0,1,0,0,0,0
300,0,39,0,1,0,0,0,0
301,39,0,0,1,0,0,0,0
302,39,9,0,1,0,0,0,0
303,9,39,0,1,0,0,0,0
304,149,142,0,1,0,0,0,0
305,142,149,0,1,0,0,0,0
306,142,146,0,1,0,0,0,0
307,146,142,0,1,0,0,0,0
308,148,73,0,1,0,0,0,0
309,73,148,0,1,0,0,0,0
310,73,123,0,1,0,0,0,0
311,123,73,0,1,0,0,0,0
312,147,13,0,1,0,0,0,0
313,13,147,0,1,0,0,0,0
314,146,38,0,1,0,0,0,0
315,38,146,0,1,0,0,0,0
316,145,144,0,1,0,0,0,0
317,144,145,0,1,0,0,0,0
318,144,52,0,1,0,0,0,0
319,52,144,0,1,0,0,0,0
320,143,106,0,1,0,0,0,0
321,106,143,0,1,0,0,0,0
322,106,93,0,1,0,0,0,0
323,93,106,0,1,0,0,0,0
324,141,135,0,1,0,0,0,0
325,135,141,0,1,0,0,0,0
326,135,20,0,1,0,0,0,0
327,20,135,0,1,0,0,0,0
328,140,133,0,1,0,0,0,0
329,133,140,0,1,0,0,0,0
330,133,16,0,1,0,0,0,0
331,16,133,0,1,0,0,0,0
332,139,47,0,1,0,0,0,0
333,47,139,0,1,0,0,0,0
334,47,51,0,1,0,0,0,0
335,51,47,0,1,0,0,0,0
336,138,116,0,1,0,0,0,0
337,116,138,0,1,0,0,0,0
338,137,61,0,1,0,0,0,0
339,61,137,0,1,0,0,0,0
340,136,147,0,1,0,0,0,0
341,147,136,0,1,0,0,0,0
342,134,75,0,1,0,0,0,0
343,75,134,0,1,0,0,0,0
344,132,3,0,1,0,0,0,0
345,3,132,0,1,0,0,0,0
346,3,82,0,1,0,0,0,0
347,82,3,0,1,0,0,0,0
348,131,19,0,1,0,0,0,0
349,19,131,0,1,0,0,0,0
350,19,11,0,1,0,0,0,0
351,11,19,0,1,0,0,0,0
352,128,1,0,1,0,0,0,0
353,1,128,0,1,0,0,0,0
354,1,110,0,1,0,0,0,0
355,110,1,0,1,0,0,0,0
356,117,81,0,1,0,0,0,0
357,81,117,0,1,0,0,0,0
358,116,87,0,1,0,0,0,0
359,87,116,0,1,0,0,0,0
360,115,97,0,1,0,0,0,0
361,97,115,0,1,0,0,0,0
362,97,111,0,1,0,0,0,0
363,111,97,0,1,0,0,0,0
364,114,119,0,1,0,0,0,0
365,119,114,0,1,0,0,0,0
366,119,23,0,1,0,0,0,0
367,23,119,0,1,0,0,0,0
368,113,48,0,1,0,0,0,0
369,48,113,0,1,0,0,0,0
370,48,109,0,1,0,0,0,0
371,109,48,0,1,0,0,0,0
372,112,114,0,1,0,0,0,0
373,114,112,0,1,0,0,0,0
374,111,29,0,1,0,0,0,0
375,29,111,0,1,0,0,0,0
376,109,7,0,1,0,0,0,0
377,7,109,0,1,0,0,0,0
378,107,55,0,1,0,0,0,0
379,55,107,0,1,0,0,0,0
380,55,120,0,1,0,0,0,0
381,120,55,0,1,0,0,0,0
382,102,92,0,1,0,0,0,0
383,92,102,0,1,0,0,0,0
384,92,100,0,1,0,0,0,0
385,100,92,0,1,0,0,0,0
386,101,60,0,1,0,0,0,0
387,60,101,0,1,0,0,0,0
388,60,36,0,1,0,0,0,0
389,36,60,0,1,0,0,0,0
390,99,139,0,1,0,0,0,0
391,139,99,0,1,0,0,0,0
392,98,148,0,1,0,0,0,0
393,148,98,0,1,0,0,0,0
394,96,94,0,1,0,0,0,0
395,94,96,0,1,0,0,0,0
396,94,21,0,1,0,0,0,0
397,21,94,0,1,0,0,0,0
398,93,30,0,1,0,0,0,0
399,30,93,0,1,0,0,0,0
400,90,18,0,1,0,0,0,0
401,18,90,0,1,0,0,0,0
402,88,57,0,1,0,0,0,0
403,57,88,0,1,0,0,0,0
404,87,79,0,1,0,0,0,0
405,79,87,0,1,0,0,0,0
406,86,33,0,1,0,0,0,0
407,33,86,0,1,0,0,0,0
408,81,70,0,1,0,0,0,0
409,70,81,0,1,0,0,0,0
410,79,137,0,1,0,0,0,0
411,137,79,0,1,0,0,0,0
412,78,108,0,1,0,0,0,0
413,108,78,0,1,0,0,0,0
414,77,44,0,1,0,0,0,0
415,44,77,0,1,0,0,0,0
416,44,63,0,1,0,0,0,0
417,63,44,0,1,0,0,0,0
418,76,12,0,1,0,0,0,0
419,12,76,0,1,0,0,0,0
420,75,17,0,1,0,0,0,0
421,17,75,0,1,0,0,0,0
422,74,78,0,1,0,0,0,0
423,78,74,0,1,0,0,0,0
424,63,84,0,1,0,0,0,0
425,84,63,0,1,0,0,0,0
426,58,24,0,1,0,0,0,0
427,24,58,0,1,0,0,0,0
428,24,90,0,1,0,0,0,0
429,90,24,0,1,0,0,0,0
430,57,46,0,1,0,0,0,0
431,46,57,0,1,0,0,0,0
432,52,103,0,1,0,0,0,0
433,103,52,0,1,0,0,0,0
434,49,115,0,1,0,0,0,0
435,115,49,0,1,0,0,0,0
436,43,74,0,1,0,0,0,0
437,74,43,0,1,0,0,0,0
438,41,71,0,1,0,0,0,0
439,71,41,0,1,0,0,0,0
440,71,27,0,1,0,0,0,0
441,27,71,0,1,0,0,0,0
442,38,140,0,1,0,0,0,0
443,140,38,0,1,0,0,0,0
444,33,76,0,1,0,0,0,0
445,76,33,0,1,0,0,0,0
446,29,26,0,1,0,0,0,0
447,26,29,0,1,0,0,0,0
448,26,28,0,1,0,0,0,0
449,28,26,0,1,0,0,0,0
450,23,14,0,1,0,0,0,0
451,14,23,0,1,0,0,0,0
452,22,99,0,1,0,0,0,0
453,99,22,0,1,0,0,0,0
454,21,58,0,1,0,0,0,0
455,58,21,0,1,0,0,0,0
456,9,56,0,1,0,0,0,0
457,56,9,0,1,0,0,0,0
458,7,49,0,1,0,0,0,0
459,49,7,0,1,0,0,0,0
460,2,145,0,1,0,0,0,0
461,145,2,0,1,0,0,0,0
462,124,121,0,1,0,0,0,0
463,121,124,0,1,0,0,0,0
464,122,66,0,1,0,0,0,0
465,66,122,0,1,0,0,0,0
466,66,98,0,1,0,0,0,0
467,98,66,0,1,0,0,0,0
468,121,69,0,1,0,0,0,0
469,69,121,0,1,0,0,0,0
470,120,129,0,1,0,0,0,0
471,129,120,0,1,0,0,0,0
472,104,77,0,1,0,0,0,0
473,77,104,0,1,0,0,0,0
474,100,34,0,1,0,0,0,0
475,34,100,0,1,0,0,0,0
476,95,15,0,1,0,0,0,0
477,15,95,0,1,0,0,0,0
478,91,35,0,1,0,0,0,0
479,35,91,0,1,0,0,0,0
480,35,80,0,1,0,0,0,0
481,80,35,0,1,0,0,0,0
482,82,105,0,1,0,0,0,0
483,105,82,0,1,0,0,0,0
484,72,86,0,1,0,0,0,0
485,86,72,0,1,0,0,0,0
486,69,53,0,1,0,0,0,0
487,53,69,0,1,0,0,0,0
488,67,25,0,1,0,0,0,0
489,25,67,0,1,0,0,0,0
490,25,62,0,1,0,0,0,0
491,62,25,0,1,0,0,0,0
492,62,91,0,1,0,0,0,0
493,91,62,0,1,0,0,0,0
494,61,65,0,1,0,0,0,0
495,65,61,0,1,0,0,0,0
496,54,128,0,1,0,0,0,0
497,128,54,0,1,0,0,0,0
498,53,67,0,1,0,0,0,0
499,67,53,0,1,0,0,0,0
500,50,4,0,1,0,0,0,0
501,4,50,0,1,0,0,0,0
502,4,131,0,1,0,0,0,0
503,131,4,0,1,0,0,0,0
504,45,132,0,1,0,0,0,0
505,132,45,0,1,0,0,0,0
506,32,41,0,1,0,0,0,0
507,41,32,0,1,0,0,0,0
508,31,8,0,1,0,0,0,0
509,8,31,0,1,0,0,0,0
510,30,134,0,1,0,0,0,0
511,134,30,0,1,0,0,0,0
512,28,59,0,1,0,0,0,0
513,59,28,0,1,0,0,0,0
514,27,37,0,1,0,0,0,0
515,37,27,0,1,0,0,0,0
516,20,2,0,1,0,0,0,0
517,2,20,0,1,0,0,0,0
518,17,149,0,1,0,0,0,0
519,149,17,0,1,0,0,0,0
520,16,68,0,1,0,0,0,0
521,68,16,0,1,0,0,0,0
522,15,85,0,1,0,0,0,0
523,85,15,0,1,0,0,0,0
524,8,88,0,1,0,0,0,0
525,88,8,0,1,0,0,0,0
526,130,96,0,1,0,0,0,0
527,96,130,0,1,0,0,0,0
528,129,83,0,1,0,0,0,0
529,83,129,0,1,0,0,0,0
530,127,6,0,1,0,0,0,0
531,6,127,0,1,0,0,0,0
532,6,130,0,1,0,0,0,0
533,130,6,0,1,0,0,0,0
534,126,118,0,1,0,0,0,0
535,118,126,0,1,0,0,0,0
536,118,45,0,1,0,0,0,0
537,45,118,0,1,0,0,0,0
538,125,104,0,1,0,0,0,0
539,104,125,0,1,0,0,0,0
540,123,42,0,1,0,0,0,0
541,42,123,0,1,0,0,0,0
542,110,64,0,1,0,0,0,0
543,64,110,0,1,0,0,0,0
544,108,141,0,1,0,0,0,0
545,141,108,0,1,0,0,0,0
546,105,50,0,1,0,0,0,0
547,50,105,0,1,0,0,0,0
548,103,43,0,1,0,0,0,0
549,43,103,0,1,0,0,0,0
550,89,117,0,1,0,0,0,0
551,117,89,0,1,0,0,0,0
552,85,101,0,1,0,0,0,0
553,101,85,0,1,0,0,0,0
554,84,126,0,1,0,0,0,0
555,126,84,0,1,0,0,0,0
556,83,138,0,1,0,0,0,0
557,138,83,0,1,0,0,0,0
558,80,102,0,1,0,0,0,0
559,102,80,0,1,0,0,0,0
560,70,54,0,1,0,0,0,0
561,54,70,0,1,0,0,0,0
562,68,10,0,1,0,0,0,0
563,10,68,0,1,0,0,0,0
564,65,124,0,1,0,0,0,0
565,124,65,0,1,0,0,0,0
566,64,112,0,1,0,0,0,0
567,112,64,0,1,0,0,0,0
568,59,72,0,1,0,0,0,0
569,72,59,0,1,0,0,0,0
570,56,127,0,1,0,0,0,0
571,127,56,0,1,0,0,0,0
572,51,95,0,1,0,0,0,0
573,95,51,0,1,0,0,0,0
574,46,113,0,1,0,0,0,0
575,113,46,0,1,0,0,0,0
576,42,143,0,1,0,0,0,0
577,143,42,0,1,0,0,0,0
578,40,22,0,1,0,0,0,0
579,22,40,0,1,0,0,0,0
580,37,32,0,1,0,0,0,0
581,32,37,0,1,0,0,0,0
582,36,5,0,1,0,0,0,0
583,5,36,0,1,0,0,0,0
584,34,125,0,1,0,0,0,0
585,125,34,0,1,0,0,0,0
586,18,31,0,1,0,0,0,0
587,31,18,0,1,0,0,0,0
588,14,136,0,1,0,0,0,0
589,136,14,0,1,0,0,0,0
590,13,40,0,1,0,0,0,0
591,40,13,0,1,0,0,0,0
592,12,0,0,1,0,0,0,0
593,0,12,0,1,0,0,0,0
594,11,107,0,1,0,0,0,0
595,107,11,0,1,0,0,0,0
596,10,122,0,1,0,0,0,0
597,122,10,0,1,0,0,0,0
598,5,89,0,1,0,0,0,0
599,89,5,0,1,0,0,0,0
600,0,144,0,1,0,0,0,0
601,144,0,0,1,0,0,0,0
602,144,20,0,1,0,0,0,0
603,20,144,0,1,0,0,0,0
604,148,17,0,1,0,0,0,0
605,17,148,0,1,0,0,0,0
606,17,66,0,1,0,0,0,0
607,66,17,0,1,0,0,0,0
608,147,112,0,1,0,0,0,0
609,112,147,0,1,0,0,0,0
610,112,8,0,1,0,0,0,0
611,8,112,0,1,0,0,0,0
612,146,78,0,1,0,0,0,0
613,78,146,0,1,0,0,0,0
614,78,9,0,1,0,0,0,0
615,9,78,0,1,0,0,0,0
616,143,146,0,1,0,0,0,0
617,146,143,0,1,0,0,0,0
618,141,31,0,1,0,0,0,0
619,31,141,0,1,0,0,0,0
620,140,134,0,1,0,0,0,0
621,134,140,0,1,0,0,0,0
622,134,82,0,1,0,0,0,0
623,82,134,0,1,0,0,0,0
624,139,119,0,1,0,0,0,0
625,119,139,0,1,0,0,0,0
626,138,141,0,1,0,0,0,0
627,141,138,0,1,0,0,0,0
628,137,5,0,1,0,0,0,0
629,5,137,0,1,0,0,0,0
630,5,116,0,1,0,0,0,0
631,116,5,0,1,0,0,0,0
632,136,128,0,1,0,0,0,0
633,128,136,0,1,0,0,0,0
634,128,36,0,1,0,0,0,0
635,36,128,0,1,0,0,0,0
636,133,71,0,1,0,0,0,0
637,71,133,0,1,0,0,0,0
638,71,10,0,1,0,0,0,0
639,10,71,0,1,0,0,0,0
640,132,100,0,1,0,0,0,0
641,100,132,0,1,0,0,0,0
642,100,147,0,1,0,0,0,0
643,147,100,0,1,0,0,0,0
644,131,15,0,1,0,0,0,0
645,15,131,0,1,0,0,0,0
646,130,32,0,1,0,0,0,0
647,32,130,0,1,0,0,0,0
648,32,39,0,1,0,0,0,0
649,39,32,0,1,0,0,0,0
650,129,118,0,1,0,0,0,0
651,118,129,0,1,0,0,0,0
652,123,132,0,1,0,0,0,0
653,132,123,0,1,0,0,0,0
654,121,75,0,1,0,0,0,0
655,75,121,0,1,0,0,0,0
656,120,145,0,1,0,0,0,0
657,145,120,0,1,0,0,0,0
658,119,127,0,1,0,0,0,0
659,127,119,0,1,0,0,0,0
660,117,133,0,1,0,0,0,0
661,133,117,0,1,0,0,0,0
662,116,22,0,1,0,0,0,0
663,22,116,0,1,0,0,0,0
664,115,48,0,1,0,0,0,0
665,48,115,0,1,0,0,0,0
666,110,45,0,1,0,0,0,0
667,45,110,0,1,0,0,0,0
668,107,142,0,1,0,0,0,0
669,142,107,0,1,0,0,0,0
670,103,91,0,1,0,0,0,0
671,91,103,0,1,0,0,0,0
672,91,27,0,1,0,0,0,0
673,27,91,0,1,0,0,0,0
674,97,73,0,1,0,0,0,0
675,73,97,0,1,0,0,0,0
676,73,76,0,1,0,0,0,0
677,76,73,0,1,0,0,0,0
678,96,109,0,1,0,0,0,0
679,109,96,0,1,0,0,0,0
680,109,115,0,1,0,0,0,0
681,115,109,0,1,0,0,0,0
682,94,149,0,1,0,0,0,0
683,149,94,0,1,0,0,0,0
684,93,49,0,1,0,0,0,0
685,49,93,0,1,0,0,0,0
686,84,2,0,1,0,0,0,0
687,2,84,0,1,0,0,0,0
688,83,80,0,1,0,0,0,0
689,80,83,0,1,0,0,0,0
690,81,61,0,1,0,0,0,0
691,61,81,0,1,0,0,0,0
692,80,88,0,1,0,0,0,0
693,88,80,0,1,0,0,0,0
694,79,136,0,1,0,0,0,0
695,136,79,0,1,0,0,0,0
696,72,43,0,1,0,0,0,0
697,43,72,0,1,0,0,0,0
698,70,24,0,1,0,0,0,0
699,24,70,0,1,0,0,0,0
700,24,23,0,1,0,0,0,0
701,23,24,0,1,0,0,0,0
702,69,79,0,1,0,0,0,0
703,79,69,0,1,0,0,0,0
704,63,125,0,1,0,0,0,0
705,125,63,0,1,0,0,0,0
706,59,106,0,1,0,0,0,0
707,106,59,0,1,0,0,0,0
708,51,28,0,1,0,0,0,0
709,28,51,0,1,0,0,0,0
710,50,67,0,1,0,0,0,0
711,67,50,0,1,0,0,0,0
712,67,84,0,1,0,0,0,0
713,84,67,0,1,0,0,0,0
714,49,105,0,1,0,0,0,0
715,105,49,0,1,0,0,0,0
716,47,46,0,1,0,0,0,0
717,46,47,0,1,0,0,0,0
718,46,72,0,1,0,0,0,0
719,72,46,0,1,0,0,0,0
720,42,81,0,1,0,0,0,0
721,81,42,0,1,0,0,0,0
722,29,7,0,1,0,0,0,0
723,7,29,0,1,0,0,0,0
724,28,135,0,1,0,0,0,0
725,135,28,0,1,0,0,0,0
726,22,86,0,1,0,0,0,0
727,86,22,0,1,0,0,0,0
728,21,70,0,1,0,0,0,0
729,70,21,0,1,0,0,0,0
730,15,26,0,1,0,0,0,0
731,26,15,0,1,0,0,0,0
732,125,139,0,1,0,0,0,0
733,139,125,0,1,0,0,0,0
734,124,93,0,1,0,0,0,0
735,93,124,0,1,0,0,0,0
736,101,89,0,1,0,0,0,0
737,89,101,0,1,0,0,0,0
738,92,68,0,1,0,0,0,0
739,68,92,0,1,0,0,0,0
740,68,95,0,1,0,0,0,0
741,95,68,0,1,0,0,0,0
742,88,104,0,1,0,0,0,0
743,104,88,0,1,0,0,0,0
744,76,54,0,1,0,0,0,0
745,54,76,0,1,0,0,0,0
746,66,103,0,1,0,0,0,0
747,103,66,0,1,0,0,0,0
748,55,97,0,1,0,0,0,0
749,97,55,0,1,0,0,0,0
750,44,114,0,1,0,0,0,0
751,114,44,0,1,0,0,0,0
752,38,77,0,1,0,0,0,0
753,77,38,0,1,0,0,0,0
754,77,29,0,1,0,0,0,0
755,29,77,0,1,0,0,0,0
756,31,111,0,1,0,0,0,0
757,111,31,0,1,0,0,0,0
758,27,74,0,1,0,0,0,0
759,74,27,0,1,0,0,0,0
760,19,56,0,1,0,0,0,0
761,56,19,0,1,0,0,0,0
762,11,44,0,1,0,0,0,0
763,44,11,0,1,0,0,0,0
764,4,3,0,1,0,0,0,0
765,3,4,0,1,0,0,0,0
766,3,30,0,1,0,0,0,0
767,30,3,0,1,0,0,0,0
768,149,108,0,1,0,0,0,0
769,108,149,0,1,0,0,0,0
770,142,14,0,1,0,0,0,0
771,14,142,0,1,0,0,0,0
772,126,99,0,1,0,0,0,0
773,99,126,0,1,0,0,0,0
774,118,51,0,1,0,0,0,0
775,51,118,0,1,0,0,0,0
776,106,98,0,1,0,0,0,0
777,98,106,0,1,0,0,0,0
778,90,110,0,1,0,0,0,0
779,110,90,0,1,0,0,0,0
780,89,143,0,1,0,0,0,0
781,143,89,0,1,0,0,0,0
782,87,57,0,1,0,0,0,0
783,57,87,0,1,0,0,0,0
784,85,16,0,1,0,0,0,0
785,16,85,0,1,0,0,0,0
786,16,19,0,1,0,0,0,0
787,19,16,0,1,0,0,0,0
788,75,65,0,1,0,0,0,0
789,65,75,0,1,0,0,0,0
790,65,34,0,1,0,0,0,0
791,34,65,0,1,0,0,0,0
792,60,122,0,1,0,0,0,0
793,122,60,0,1,0,0,0,0
794,122,85,0,1,0,0,0,0
795,85,122,0,1,0,0,0,0
796,58,124,0,1,0,0,0,0
797,124,58,0,1,0,0,0,0
798,39,59,0,1,0,0,0,0
799,59,39,0,1,0,0,0,0
800,36,140,0,1,0,0,0,0
801,140,36,0,1,0,0,0,0
802,13,41,0,1,0,0,0,0
803,41,13,0,1,0,0,0,0
804,41,25,0,1,0,0,0,0
805,25,41,0,1,0,0,0,0
806,12,102,0,1,0,0,0,0
807,102,12,0,1,0,0,0,0
808,102,38,0,1,0,0,0,0
809,38,102,0,1,0,0,0,0
810,8,52,0,1,0,0,0,0
811,52,8,0,1,0,0,0,0
812,145,137,0,1,0,0,0,0
813,137,145,0,1,0,0,0,0
814,127,96,0,1,0,0,0,0
815,96,127,0,1,0,0,0,0
816,114,35,0,1,0,0,0,0
817,35,114,0,1,0,0,0,0
818,108,120,0,1,0,0,0,0
819,120,108,0,1,0,0,0,0
820,105,117,0,1,0,0,0,0
821,117,105,0,1,0,0,0,0
822,99,12,0,1,0,0,0,0
823,12,99,0,1,0,0,0,0
824,98,53,0,1,0,0,0,0
825,53,98,0,1,0,0,0,0
826,86,58,0,1,0,0,0,0
827,58,86,0,1,0,0,0,0
828,57,69,0,1,0,0,0,0
829,69,57,0,1,0,0,0,0
830,52,40,0,1,0,0,0,0
831,40,52,0,1,0,0,0,0
832,48,94,0,1,0,0,0,0
833,94,48,0,1,0,0,0,0
834,40,101,0,1,0,0,0,0
835,101,40,0,1,0,0,0,0
836,34,37,0,1,0,0,0,0
837,37,34,0,1,0,0,0,0
838,25,64,0,1,0,0,0,0
839,64,25,0,1,0,0,0,0
840,18,42,0,1,0,0,0,0
841,42,18,0,1,0,0,0,0
842,6,21,0,1,0,0,0,0
843,21,6,0,1,0,0,0,0
844,135,138,0,1,0,0,0,0
845,138,135,0,1,0,0,0,0
846,113,13,0,1,0,0,0,0
847,13,113,0,1,0,0,0,0
848,111,18,0,1,0,0,0,0
849,18,111,0,1,0,0,0,0
850,104,60,0,1,0,0,0,0
851,60,104,0,1,0,0,0,0
852,95,55,0,1,0,0,0,0
853,55,95,0,1,0,0,0,0
854,82,121,0,1,0,0,0,0
855,121,82,0,1,0,0,0,0
856,74,11,0,1,0,0,0,0
857,11,74,0,1,0,0,0,0
858,64,62,0,1,0,0,0,0
859,62,64,0,1,0,0,0,0
860,62,63,0,1,0,0,0,0
861,63,62,0,1,0,0,0,0
862,61,92,0,1,0,0,0,0
863,92,61,0,1,0,0,0,0
864,56,87,0,1,0,0,0,0
865,87,56,0,1,0,0,0,0
866,54,148,0,1,0,0,0,0
867,148,54,0,1,0,0,0,0
868,53,33,0,1,0,0,0,0
869,33,53,0,1,0,0,0,0
870,45,123,0,1,0,0,0,0
871,123,45,0,1,0,0,0,0
872,43,126,0,1,0,0,0,0
873,126,43,0,1,0,0,0,0
874,37,4,0,1,0,0,0,0
875,4,37,0,1,0,0,0,0
876,35,107,0,1,0,0,0,0
877,107,35,0,1,0,0,0,0
878,33,50,0,1,0,0,0,0
879,50,33,0,1,0,0,0,0
880,30,131,0,1,0,0,0,0
881,131,30,0,1,0,0,0,0
882,26,130,0,1,0,0,0,0
883,130,26,0,1,0,0,0,0
884,23,6,0,1,0,0,0,0
885,6,23,0,1,0,0,0,0
886,20,47,0,1,0,0,0,0
887,47,20,0,1,0,0,0,0
888,14,113,0,1,0,0,0,0
889,113,14,0,1,0,0,0,0
890,10,0,0,1,0,0,0,0
891,0,10,0,1,0,0,0,0
892,9,90,0,1,0,0,0,0
893,90,9,0,1,0,0,0,0
894,7,1,0,1,0,0,0,0
895,1,7,0,1,0,0,0,0
896,2,83,0,1,0,0,0,0
897,83,2,0,1,0,0,0,0
898,1,129,0,1,0,0,0,0
899,129,1,0,1,0,0,0,0
900,0,97,0,1,0,0,0,0
901,97,0,0,1,0,0,0,0
902,97,67,0,1,0,0,0,0
903,67,97,0,1,0,0,0,0
904,149,78,0,1,0,0,0,0
905,78,149,0,1,0,0,0,0
906,78,29,0,1,0,0,0,0
907,29,78,0,1,0,0,0,0
908,148,123,0,1,0,0,0,0
909,123,148,0,1,0,0,0,0
910,123,71,0,1,0,0,0,0
911,71,123,0,1,0,0,0,0
912,147,0,0,1,0,0,0,0
913,0,147,0,1,0,0,0,0
914,145,81,0,1,0,0,0,0
915,81,145,0,1,0,0,0,0
916,81,128,0,1,0,0,0,0
917,128,81,0,1,0,0,0,0
918,143,32,0,1,0,0,0,0
919,32,143,0,1,0,0,0,0
920,32,126,0,1,0,0,0,0
921,126,32,0,1,0,0,0,0
922,141,41,0,1,0,0,0,0
923,41,141,0,1,0,0,0,0
924,140,120,0,1,0,0,0,0
925,120,140,0,1,0,0,0,0
926,120,4,0,1,0,0,0,0
927,4,120,0,1,0,0,0,0
928,138,125,0,1,0,0,0,0
929,125,138,0,1,0,0,0,0
930,125,143,0,1,0,0,0,0
931,143,125,0,1,0,0,0,0
932,137,16,0,1,0,0,0,0
933,16,137,0,1,0,0,0,0
934,16,79,0,1,0,0,0,0
935,79,16,0,1,0,0,0,0
936,135,136,0,1,0,0,0,0
937,136,135,0,1,0,0,0,0
938,134,148,0,1,0,0,0,0
939,148,134,0,1,0,0,0,0
940,127,15,0,1,0,0,0,0
941,15,127,0,1,0,0,0,0
942,15,86,0,1,0,0,0,0
943,86,15,0,1,0,0,0,0
944,126,18,0,1,0,0,0,0
945,18,126,0,1,0,0,0,0
946,122,61,0,1,0,0,0,0
947,61,122,0,1,0,0,0,0
948,121,1,0,1,0,0,0,0
949,1,121,0,1,0,0,0,0
950,119,144,0,1,0,0,0,0
951,144,119,0,1,0,0,0,0
952,144,25,0,1,0,0,0,0
953,25,144,0,1,0,0,0,0
954,114,82,0,1,0,0,0,0
955,82,114,0,1,0,0,0,0
956,82,122,0,1,0,0,0,0
957,122,82,0,1,0,0,0,0
958,109,65,0,1,0,0,0,0
959,65,109,0,1,0,0,0,0
960,107,99,0,1,0,0,0,0
961,99,107,0,1,0,0,0,0
962,102,83,0,1,0,0,0,0
963,83,102,0,1,0,0,0,0
964,101,117,0,1,0,0,0,0
965,117,101,0,1,0,0,0,0
966,100,76,0,1,0,0,0,0
967,76,100,0,1,0,0,0,0
968,76,113,0,1,0,0,0,0
969,113,76,0,1,0,0,0,0
970,99,39,0,1,0,0,0,0
971,39,99,0,1,0,0,0,0
972,96,31,0,1,0,0,0,0
973,31,96,0,1,0,0,0,0
974,94,51,0,1,0,0,0,0
975,51,94,0,1,0,0,0,0
976,51,26,0,1,0,0,0,0
977,26,51,0,1,0,0,0,0
978,91,12,0,1,0,0,0,0
979,12,91,0,1,0,0,0,0
980,86,74,0,1,0,0,0,0
981,74,86,0,1,0,0,0,0
982,83,69,0,1,0,0,0,0
983,69,83,0,1,0,0,0,0
984,49,80,0,1,0,0,0,0
985,80,49,0,1,0,0,0,0
986,40,132,0,1,0,0,0,0
987,132,40,0,1,0,0,0,0
988,132,27,0,1,0,0,0,0
989,27,132,0,1,0,0,0,0
990,30,57,0,1,0,0,0,0
991,57,30,0,1,0,0,0,0
992,23,37,0,1,0,0,0,0
993,37,23,0,1,0,0,0,0
994,21,5,0,1,0,0,0,0
995,5,21,0,1,0,0,0,0
996,136,62,0,1,0,0,0,0
997,62,136,0,1,0,0,0,0
998,117,135,0,1,0,0,0,0
999,135,117,0,1,0,0,0,0
1000,113,70,0,1,0,0,0,0
1001,70,113,0,1,0,0,0,0
1002,103,40,0,1,0,0,0,0
1003,40,103,0,1,0,0,0,0
1004,93,64,0,1,0,0,0,0
1005,64,93,0,1,0,0,0,0
1006,92,14,0,1,0,0,0,0
1007,14,92,0,1,0,0,0,0
1008,80,104,0,1,0,0,0,0
1009,104,80,0,1,0,0,0,0
1010,70,101,0,1,0,0,0,0
1011,101,70,0,1,0,0,0,0
1012,67,109,0,1,0,0,0,0
1013,109,67,0,1,0,0,0,0
1014,66,45,0,1,0,0,0,0
1015,45,66,0,1,0,0,0,0
1016,58,9,0,1,0,0,0,0
1017,9,58,0,1,0,0,0,0
1018,57,7,0,1,0,0,0,0
1019,7,57,0,1,0,0,0,0
1020,44,142,0,1,0,0,0,0
1021,142,44,0,1,0,0,0,0
1022,35,129,0,1,0,0,0,0
1023,129,35,0,1,0,0,0,0
1024,31,66,0,1,0,0,0,0
1025,66,31,0,1,0,0,0,0
1026,18,89,0,1,0,0,0,0
1027,89,18,0,1,0,0,0,0
1028,11,108,0,1,0,0,0,0
1029,108,11,0,1,0,0,0,0
1030,4,19,0,1,0,0,0,0
1031,19,4,0,1,0,0,0,0
1032,2,105,0,1,0,0,0,0
1033,105,2,0,1,0,0,0,0
1034,105,115,0,1,0,0,0,0
1035,115,105,0,1,0,0,0,0
1036,142,140,0,1,0,0,0,0
1037,140,142,0,1,0,0,0,0
1038,129,103,0,1,0,0,0,0
1039,103,129,0,1,0,0,0,0
1040,106,38,0,1,0,0,0,0
1041,38,106,0,1,0,0,0,0
1042,104,149,0,1,0,0,0,0
1043,149,104,0,1,0,0,0,0
1044,72,118,0,1,0,0,0,0
1045,118,72,0,1,0,0,0,0
1046,65,8,0,1,0,0,0,0
1047,8,65,0,1,0,0,0,0
1048,64,24,0,1,0,0,0,0
1049,24,64,0,1,0,0,0,0
1050,63,53,0,1,0,0,0,0
1051,53,63,0,1,0,0,0,0
1052,62,127,0,1,0,0,0,0
1053,127,62,0,1,0,0,0,0
1054,55,60,0,1,0,0,0,0
1055,60,55,0,1,0,0,0,0
1056,46,34,0,1,0,0,0,0
1057,34,46,0,1,0,0,0,0
1058,38,138,0,1,0,0,0,0
1059,138,38,0,1,0,0,0,0
1060,34,36,0,1,0,0,0,0
1061,36,34,0,1,0,0,0,0
1062,29,146,0,1,0,0,0,0
1063,146,29,0,1,0,0,0,0
1064,26,68,0,1,0,0,0,0
1065,68,26,0,1,0,0,0,0
1066,19,84,0,1,0,0,0,0
1067,84,19,0,1,0,0,0,0
1068,8,90,0,1,0,0,0,0
1069,90,8,0,1,0,0,0,0
1070,130,11,0,1,0,0,0,0
1071,11,130,0,1,0,0,0,0
1072,124,147,0,1,0,0,0,0
1073,147,124,0,1,0,0,0,0
1074,87,22,0,1,0,0,0,0
1075,22,87,0,1,0,0,0,0
1076,22,47,0,1,0,0,0,0
1077,47,22,0,1,0,0,0,0
1078,84,17,0,1,0,0,0,0
1079,17,84,0,1,0,0,0,0
1080,79,48,0,1,0,0,0,0
1081,48,79,0,1,0,0,0,0
1082,71,20,0,1,0,0,0,0
1083,20,71,0,1,0,0,0,0
1084,68,77,0,1,0,0,0,0
1085,77,68,0,1,0,0,0,0
1086,61,85,0,1,0,0,0,0
1087,85,61,0,1,0,0,0,0
1088,59,42,0,1,0,0,0,0
1089,42,59,0,1,0,0,0,0
1090,53,23,0,1,0,0,0,0
1091,23,53,0,1,0,0,0,0
1092,50,112,0,1,0,0,0,0
1093,112,50,0,1,0,0,0,0
1094,42,93,0,1,0,0,0,0
1095,93,42,0,1,0,0,0,0
1096,41,139,0,1,0,0,0,0
1097,139,41,0,1,0,0,0,0
1098,5,94,0,1,0,0,0,0
1099,94,5,0,1,0,0,0,0
1100,131,6,0,1,0,0,0,0
1101,6,131,0,1,0,0,0,0
1102,6,73,0,1,0,0,0,0
1103,73,6,0,1,0,0,0,0
1104,128,134,0,1,0,0,0,0
1105,134,128,0,1,0,0,0,0
1106,112,35,0,1,0,0,0,0
1107,35,112,0,1,0,0,0,0
1108,60,116,0,1,0,0,0,0
1109,116,60,0,1,0,0,0,0
1110,56,28,0,1,0,0,0,0
1111,28,56,0,1,0,0,0,0
1112,43,98,0,1,0,0,0,0
1113,98,43,0,1,0,0,0,0
1114,98,131,0,1,0,0,0,0
1115,131,98,0,1,0,0,0,0
1116,39,30,0,1,0,0,0,0
1117,30,39,0,1,0,0,0,0
1118,28,133,0,1,0,0,0,0
1119,133,28,0,1,0,0,0,0
1120,20,72,0,1,0,0,0,0
1121,72,20,0,1,0,0,0,0
1122,17,124,0,1,0,0,0,0
1123,124,17,0,1,0,0,0,0
1124,12,52,0,1,0,0,0,0
1125,52,12,0,1,0,0,0,0
1126,9,54,0,1,0,0,0,0
1127,54,9,0,1,0,0,0,0
1128,1,114,0,1,0,0,0,0
1129,114,1,0,1,0,0,0,0
1130,139,21,0,1,0,0,0,0
1131,21,139,0,1,0,0,0,0
1132,116,2,0,1,0,0,0,0
1133,2,116,0,1,0,0,0,0
1134,115,96,0,1,0,0,0,0
1135,96,115,0,1,0,0,0,0
1136,111,59,0,1,0,0,0,0
1137,59,111,0,1,0,0,0,0
1138,108,87,0,1,0,0,0,0
1139,87,108,0,1,0,0,0,0
1140,95,92,0,1,0,0,0,0
1141,92,95,0,1,0,0,0,0
1142,90,10,0,1,0,0,0,0
1143,10,90,0,1,0,0,0,0
1144,88,33,0,1,0,0,0,0
1145,33,88,0,1,0,0,0,0
1146,33,75,0,1,0,0,0,0
1147,75,33,0,1,0,0,0,0
1148,77,55,0,1,0,0,0,0
1149,55,77,0,1,0,0,0,0
1150,75,111,0,1,0,0,0,0
1151,111,75,0,1,0,0,0,0
1152,74,110,0,1,0,0,0,0
1153,110,74,0,1,0,0,0,0
1154,73,58,0,1,0,0,0,0
1155,58,73,0,1,0,0,0,0
1156,69,106,0,1,0,0,0,0
1157,106,69,0,1,0,0,0,0
1158,52,137,0,1,0,0,0,0
1159,137,52,0,1,0,0,0,0
1160,47,91,0,1,0,0,0,0
1161,91,47,0,1,0,0,0,0
1162,36,49,0,1,0,0,0,0
1163,49,36,0,1,0,0,0,0
1164,146,141,0,1,0,0,0,0
1165,141,146,0,1,0,0,0,0
1166,133,88,0,1,0,0,0,0
1167,88,133,0,1,0,0,0,0
1168,118,44,0,1,0,0,0,0
1169,44,118,0,1,0,0,0,0
1170,110,13,0,1,0,0,0,0
1171,13,110,0,1,0,0,0,0
1172,89,100,0,1,0,0,0,0
1173,100,89,0,1,0,0,0,0
1174,85,107,0,1,0,0,0,0
1175,107,85,0,1,0,0,0,0
1176,54,121,0,1,0,0,0,0
1177,121,54,0,1,0,0,0,0
1178,48,95,0,1,0,0,0,0
1179,95,48,0,1,0,0,0,0
1180,45,130,0,1,0,0,0,0
1181,130,45,0,1,0,0,0,0
1182,37,3,0,1,0,0,0,0
1183,3,37,0,1,0,0,0,0
1184,27,102,0,1,0,0,0,0
1185,102,27,0,1,0,0,0,0
1186,25,43,0,1,0,0,0,0
1187,43,25,0,1,0,0,0,0
1188,24,46,0,1,0,0,0,0
1189,46,24,0,1,0,0,0,0
1190,14,50,0,1,0,0,0,0
1191,50,14,0,1,0,0,0,0
1192,13,145,0,1,0,0,0,0
1193,145,13,0,1,0,0,0,0
1194,10,63,0,1,0,0,0,0
1195,63,10,0,1,0,0,0,0
1196,7,56,0,1,0,0,0,0
1197,56,7,0,1,0,0,0,0
1198,3,119,0,1,0,0,0,0
1199,119,3,0,1,0,0,0,0
1200,0,95,0,1,0,0,0,0
1201,95,0,0,1,0,0,0,0
1202,95,96,0,1,0,0,0,0
1203,96,95,0,1,0,0,0,0
1204,149,38,0,1,0,0,0,0
1205,38,149,0,1,0,0,0,0
1206,38,34,0,1,0,0,0,0
1207,34,38,0,1,0,0,0,0
1208,148,18,0,1,0,0,0,0
1209,18,148,0,1,0,0,0,0
1210,18,106,0,1,0,0,0,0
1211,106,18,0,1,0,0,0,0
1212,147,12,0,1,0,0,0,0
1213,12,147,0,1,0,0,0,0
1214,12,59,0,1,0,0,0,0
1215,59,12,0,1,0,0,0,0
1216,145,115,0,1,0,0,0,0
1217,115,145,0,1,0,0,0,0
1218,144,1,0,1,0,0,0,0
1219,1,144,0,1,0,0,0,0
1220,1,90,0,1,0,0,0,0
1221,90,1,0,1,0,0,0,0
1222,142,148,0,1,0,0,0,0
1223,148,142,0,1,0,0,0,0
1224,141,84,0,1,0,0,0,0
1225,84,141,0,1,0,0,0,0
1226,84,147,0,1,0,0,0,0
1227,147,84,0,1,0,0,0,0
1228,135,105,0,1,0,0,0,0
1229,105,135,0,1,0,0,0,0
1230,133,54,0,1,0,0,0,0
1231,54,133,0,1,0,0,0,0
1232,132,28,0,1,0,0,0,0
1233,28,132,0,1,0,0,0,0
1234,131,116,0,1,0,0,0,0
1235,116,131,0,1,0,0,0,0
1236,116,104,0,1,0,0,0,0
1237,104,116,0,1,0,0,0,0
1238,120,82,0,1,0,0,0,0
1239,82,120,0,1,0,0,0,0
1240,118,143,0,1,0,0,0,0
1241,143,118,0,1,0,0,0,0
1242,113,41,0,1,0,0,0,0
1243,41,113,0,1,0,0,0,0
1244,41,111,0,1,0,0,0,0
1245,111,41,0,1,0,0,0,0
1246,107,132,0,1,0,0,0,0
1247,132,107,0,1,0,0,0,0
1248,104,44,0,1,0,0,0,0
1249,44,104,0,1,0,0,0,0
1250,103,49,0,1,0,0,0,0
1251,49,103,0,1,0,0,0,0
1252,101,33,0,1,0,0,0,0
1253,33,101,0,1,0,0,0,0
1254,33,64,0,1,0,0,0,0
1255,64,33,0,1,0,0,0,0
1256,85,5,0,1,0,0,0,0
1257,5,85,0,1,0,0,0,0
1258,79,13,0,1,0,0,0,0
1259,13,79,0,1,0,0,0,0
1260,66,136,0,1,0,0,0,0
1261,136,66,0,1,0,0,0,0
1262,136,27,0,1,0,0,0,0
1263,27,136,0,1,0,0,0,0
1264,64,72,0,1,0,0,0,0
1265,72,64,0,1,0,0,0,0
1266,58,19,0,1,0,0,0,0
1267,19,58,0,1,0,0,0,0
1268,57,142,0,1,0,0,0,0
1269,142,57,0,1,0,0,0,0
1270,54,114,0,1,0,0,0,0
1271,114,54,0,1,0,0,0,0
1272,47,81,0,1,0,0,0,0
1273,81,47,0,1,0,0,0,0
1274,81,75,0,1,0,0,0,0
1275,75,81,0,1,0,0,0,0
1276,5,92,0,1,0,0,0,0
1277,92,5,0,1,0,0,0,0
1278,143,145,0,1,0,0,0,0
1279,145,143,0,1,0,0,0,0
1280,130,124,0,1,0,0,0,0
1281,124,130,0,1,0,0,0,0
1282,124,70,0,1,0,0,0,0
1283,70,124,0,1,0,0,0,0
1284,129,31,0,1,0,0,0,0
1285,31,129,0,1,0,0,0,0
1286,108,118,0,1,0,0,0,0
1287,118,108,0,1,0,0,0,0
1288,99,40,0,1,0,0,0,0
1289,40,99,0,1,0,0,0,0
1290,92,135,0,1,0,0,0,0
1291,135,92,0,1,0,0,0,0
1292,90,11,0,1,0,0,0,0
1293,11,90,0,1,0,0,0,0
1294,87,24,0,1,0,0,0,0
1295,24,87,0,1,0,0,0,0
1296,83,139,0,1,0,0,0,0
1297,139,83,0,1,0,0,0,0
1298,139,15,0,1,0,0,0,0
1299,15,139,0,1,0,0,0,0
1300,78,16,0,1,0,0,0,0
1301,16,78,0,1,0,0,0,0
1302,69,60,0,1,0,0,0,0
1303,60,69,0,1,0,0,0,0
1304,35,73,0,1,0,0,0,0
1305,73,35,0,1,0,0,0,0
1306,34,45,0,1,0,0,0,0
1307,45,34,0,1,0,0,0,0
1308,30,130,0,1,0,0,0,0
1309,130,30,0,1,0,0,0,0
1310,29,47,0,1,0,0,0,0
1311,47,29,0,1,0,0,0,0
1312,27,39,0,1,0,0,0,0
1313,39,27,0,1,0,0,0,0
1314,4,43,0,1,0,0,0,0
1315,43,4,0,1,0,0,0,0
1316,43,91,0,1,0,0,0,0
1317,91,43,0,1,0,0,0,0
1318,109,58,0,1,0,0,0,0
1319,58,109,0,1,0,0,0,0
1320,75,128,0,1,0,0,0,0
1321,128,75,0,1,0,0,0,0
1322,67,141,0,1,0,0,0,0
1323,141,67,0,1,0,0,0,0
1324,63,22,0,1,0,0,0,0
1325,22,63,0,1,0,0,0,0
1326,56,77,0,1,0,0,0,0
1327,77,56,0,1,0,0,0,0
1328,77,50,0,1,0,0,0,0
1329,50,77,0,1,0,0,0,0
1330,53,26,0,1,0,0,0,0
1331,26,53,0,1,0,0,0,0
1332,50,23,0,1,0,0,0,0
1333,23,50,0,1,0,0,0,0
1334,48,10,0,1,0,0,0,0
1335,10,48,0,1,0,0,0,0
1336,16,63,0,1,0,0,0,0
1337,63,16,0,1,0,0,0,0
1338,3,55,0,1,0,0,0,0
1339,55,3,0,1,0,0,0,0
1340,127,100,0,1,0,0,0,0
1341,100,127,0,1,0,0,0,0
1342,115,66,0,1,0,0,0,0
1343,66,115,0,1,0,0,0,0
1344,94,79,0,1,0,0,0,0
1345,79,94,0,1,0,0,0,0
1346,91,76,0,1,0,0,0,0
1347,76,91,0,1,0,0,0,0
1348,88,140,0,1,0,0,0,0
1349,140,88,0,1,0,0,0,0
1350,140,4,0,1,0,0,0,0
1351,4,140,0,1,0,0,0,0
1352,82,87,0,1,0,0,0,0
1353,87,82,0,1,0,0,0,0
1354,72,74,0,1,0,0,0,0
1355,74,72,0,1,0,0,0,0
1356,65,21,0,1,0,0,0,0
1357,21,65,0,1,0,0,0,0
1358,61,78,0,1,0,0,0,0
1359,78,61,0,1,0,0,0,0
1360,52,53,0,1,0,0,0,0
1361,53,52,0,1,0,0,0,0
1362,49,108,0,1,0,0,0,0
1363,108,49,0,1,0,0,0,0
1364,39,56,0,1,0,0,0,0
1365,56,39,0,1,0,0,0,0
1366,15,119,0,1,0,0,0,0
1367,119,15,0,1,0,0,0,0
1368,10,101,0,1,0,0,0,0
1369,101,10,0,1,0,0,0,0
1370,119,125,0,1,0,0,0,0
1371,125,119,0,1,0,0,0,0
1372,112,9,0,1,0,0,0,0
1373,9,112,0,1,0,0,0,0
1374,96,2,0,1,0,0,0,0
1375,2,96,0,1,0,0,0,0
1376,80,30,0,1,0,0,0,0
1377,30,80,0,1,0,0,0,0
1378,73,14,0,1,0,0,0,0
1379,14,73,0,1,0,0,0,0
1380,71,29,0,1,0,0,0,0
1381,29,71,0,1,0,0,0,0
1382,55,20,0,1,0,0,0,0
1383,20,55,0,1,0,0,0,0
1384,28,37,0,1,0,0,0,0
1385,37,28,0,1,0,0,0,0
1386,21,86,0,1,0,0,0,0
1387,86,21,0,1,0,0,0,0
1388,8,85,0,1,0,0,0,0
1389,85,8,0,1,0,0,0,0
1390,128,113,0,1,0,0,0,0
1391,113,128,0,1,0,0,0,0
1392,126,129,0,1,0,0,0,0
1393,129,126,0,1,0,0,0,0
1394,117,48,0,1,0,0,0,0
1395,48,117,0,1,0,0,0,0
1396,106,6,0,1,0,0,0,0
1397,6,106,0,1,0,0,0,0
1398,97,69,0,1,0,0,0,0
1399,69,97,0,1,0,0,0,0
1400,62,83,0,1,0,0,0,0
1401,83,62,0,1,0,0,0,0
1402,45,94,0,1,0,0,0,0
1403,94,45,0,1,0,0,0,0
1404,40,112,0,1,0,0,0,0
1405,112,40,0,1,0,0,0,0
1406,25,35,0,1,0,0,0,0
1407,35,25,0,1,0,0,0,0
1408,11,127,0,1,0,0,0,0
1409,127,11,0,1,0,0,0,0
1410,137,62,0,1,0,0,0,0
1411,62,137,0,1,0,0,0,0
1412,123,17,0,1,0,0,0,0
1413,17,123,0,1,0,0,0,0
1414,17,52,0,1,0,0,0,0
1415,52,17,0,1,0,0,0,0
1416,122,109,0,1,0,0,0,0
1417,109,122,0,1,0,0,0,0
1418,111,120,0,1,0,0,0,0
1419,120,111,0,1,0,0,0,0
1420,98,123,0,1,0,0,0,0
1421,123,98,0,1,0,0,0,0
1422,93,51,0,1,0,0,0,0
1423,51,93,0,1,0,0,0,0
1424,60,68,0,1,0,0,0,0
1425,68,60,0,1,0,0,0,0
1426,59,3,0,1,0,0,0,0
1427,3,59,0,1,0,0,0,0
1428,51,8,0,1,0,0,0,0
1429,8,51,0,1,0,0,0,0
1430,20,99,0,1,0,0,0,0
1431,99,20,0,1,0,0,0,0
1432,19,107,0,1,0,0,0,0
1433,107,19,0,1,0,0,0,0
1434,125,146,0,1,0,0,0,0
1435,146,125,0,1,0,0,0,0
1436,110,149,0,1,0,0,0,0
1437,149,110,0,1,0,0,0,0
1438,105,138,0,1,0,0,0,0
1439,138,105,0,1,0,0,0,0
1440,102,32,0,1,0,0,0,0
1441,32,102,0,1,0,0,0,0
1442,32,25,0,1,0,0,0,0
1443,25,32,0,1,0,0,0,0
1444,100,42,0,1,0,0,0,0
1445,42,100,0,1,0,0,0,0
1446,89,144,0,1,0,0,0,0
1447,144,89,0,1,0,0,0,0
1448,76,0,0,1,0,0,0,0
1449,0,76,0,1,0,0,0,0
1450,74,103,0,1,0,0,0,0
1451,103,74,0,1,0,0,0,0
1452,46,122,0,1,0,0,0,0
1453,122,46,0,1,0,0,0,0
1454,44,110,0,1,0,0,0,0
1455,110,44,0,1,0,0,0,0
1456,42,57,0,1,0,0,0,0
1457,57,42,0,1,0,0,0,0
1458,24,93,0,1,0,0,0,0
1459,93,24,0,1,0,0,0,0
1460,9,134,0,1,0,0,0,0
1461,134,9,0,1,0,0,0,0
1462,6,97,0,1,0,0,0,0
1463,97,6,0,1,0,0,0,0
1464,146,133,0,1,0,0,0,0
1465,133,146,0,1,0,0,0,0
1466,138,88,0,1,0,0,0,0
1467,88,138,0,1,0,0,0,0
1468,134,71,0,1,0,0,0,0
1469,71,134,0,1,0,0,0,0
1470,121,65,0,1,0,0,0,0
1471,65,121,0,1,0,0,0,0
1472,114,102,0,1,0,0,0,0
1473,102,114,0,1,0,0,0,0
1474,86,126,0,1,0,0,0,0
1475,126,86,0,1,0,0,0,0
1476,70,131,0,1,0,0,0,0
1477,131,70,0,1,0,0,0,0
1478,68,121,0,1,0,0,0,0
1479,121,68,0,1,0,0,0,0
1480,37,98,0,1,0,0,0,0
1481,98,37,0,1,0,0,0,0
1482,36,46,0,1,0,0,0,0
1483,46,36,0,1,0,0,0,0
1484,31,67,0,1,0,0,0,0
1485,67,31,0,1,0,0,0,0
1486,26,7,0,1,0,0,0,0
1487,7,26,0,1,0,0,0,0
1488,23,61,0,1,0,0,0,0
1489,61,23,0,1,0,0,0,0
1490,22,36,0,1,0,0,0,0
1491,36,22,0,1,0,0,0,0
1492,14,137,0,1,0,0,0,0
1493,137,14,0,1,0,0,0,0
1494,13,80,0,1,0,0,0,0
1495,80,13,0,1,0,0,0,0
1496,7,89,0,1,0,0,0,0
1497,89,7,0,1,0,0,0,0
1498,2,117,0,1,0,0,0,0
1499,117,2,0,1,0,0,0,0
1500,0,112,0,1,0,0,0,0
1501,112,0,0,1,0,0,0,0
1502,112,146,0,1,0,0,0,0
1503,146,112,0,1,0,0,0,0
1504,149,60,0,1,0,0,0,0
1505,60,149,0,1,0,0,0,0
1506,60,42,0,1,0,0,0,0
1507,42,60,0,1,0,0,0,0
1508,148,103,0,1,0,0,0,0
1509,103,148,0,1,0,0,0,0
1510,103,134,0,1,0,0,0,0
1511,134,103,0,1,0,0,0,0
1512,146,23,0,1,0,0,0,0
1513,23,146,0,1,0,0,0,0
1514,144,147,0,1,0,0,0,0
1515,147,144,0,1,0,0,0,0
1516,147,73,0,1,0,0,0,0
1517,73,147,0,1,0,0,0,0
1518,139,127,0,1,0,0,0,0
1519,127,139,0,1,0,0,0,0
1520,138,63,0,1,0,0,0,0
1521,63,138,0,1,0,0,0,0
1522,63,8,0,1,0,0,0,0
1523,8,63,0,1,0,0,0,0
1524,137,124,0,1,0,0,0,0
1525,124,137,0,1,0,0,0,0
1526,135,53,0,1,0,0,0,0
1527,53,135,0,1,0,0,0,0
1528,134,86,0,1,0,0,0,0
1529,86,134,0,1,0,0,0,0
1530,132,9,0,1,0,0,0,0
1531,9,132,0,1,0,0,0,0
1532,131,130,0,1,0,0,0,0
1533,130,131,0,1,0,0,0,0
1534,130,31,0,1,0,0,0,0
1535,31,130,0,1,0,0,0,0
1536,127,47,0,1,0,0,0,0
1537,47,127,0,1,0,0,0,0
1538,120,99,0,1,0,0,0,0
1539,99,120,0,1,0,0,0,0
1540,99,142,0,1,0,0,0,0
1541,142,99,0,1,0,0,0,0
1542,117,84,0,1,0,0,0,0
1543,84,117,0,1,0,0,0,0
1544,115,92,0,1,0,0,0,0
1545,92,115,0,1,0,0,0,0
1546,113,104,0,1,0,0,0,0
1547,104,113,0,1,0,0,0,0
1548,109,15,0,1,0,0,0,0
1549,15,109,0,1,0,0,0,0
1550,108,7,0,1,0,0,0,0
1551,7,108,0,1,0,0,0,0
1552,106,128,0,1,0,0,0,0
1553,128,106,0,1,0,0,0,0
1554,128,145,0,1,0,0,0,0
1555,145,128,0,1,0,0,0,0
1556,105,95,0,1,0,0,0,0
1557,95,105,0,1,0,0,0,0
1558,94,29,0,1,0,0,0,0
1559,29,94,0,1,0,0,0,0
1560,83,125,0,1,0,0,0,0
1561,125,83,0,1,0,0,0,0
1562,79,107,0,1,0,0,0,0
1563,107,79,0,1,0,0,0,0
1564,73,137,0,1,0,0,0,0
1565,137,73,0,1,0,0,0,0
1566,41,89,0,1,0,0,0,0
1567,89,41,0,1,0,0,0,0
1568,27,22,0,1,0,0,0,0
1569,22,27,0,1,0,0,0,0
1570,25,111,0,1,0,0,0,0
1571,111,25,0,1,0,0,0,0
1572,3,79,0,1,0,0,0,0
1573,79,3,0,1,0,0,0,0
1574,133,68,0,1,0,0,0,0
1575,68,133,0,1,0,0,0,0
1576,122,118,0,1,0,0,0,0
1577,118,122,0,1,0,0,0,0
1578,118,140,0,1,0,0,0,0
1579,140,118,0,1,0,0,0,0
1580,111,122,0,1,0,0,0,0
1581,122,111,0,1,0,0,0,0
1582,110,133,0,1,0,0,0,0
1583,133,110,0,1,0,0,0,0
1584,102,34,0,1,0,0,0,0
1585,34,102,0,1,0,0,0,0
1586,34,61,0,1,0,0,0,0
1587,61,34,0,1,0,0,0,0
1588,89,12,0,1,0,0,0,0
1589,12,89,0,1,0,0,0,0
1590,84,70,0,1,0,0,0,0
1591,70,84,0,1,0,0,0,0
1592,80,59,0,1,0,0,0,0
1593,59,80,0,1,0,0,0,0
1594,64,74,0,1,0,0,0,0
1595,74,64,0,1,0,0,0,0
1596,74,69,0,1,0,0,0,0
1597,69,74,0,1,0,0,0,0
1598,145,91,0,1,0,0,0,0
1599,91,145,0,1,0,0,0,0
1600,123,58,0,1,0,0,0,0
1601,58,123,0,1,0,0,0,0
1602,114,113,0,1,0,0,0,0
1603,113,114,0,1,0,0,0,0
1604,98,40,0,1,0,0,0,0
1605,40,98,0,1,0,0,0,0
1606,93,45,0,1,0,0,0,0
1607,45,93,0,1,0,0,0,0
1608,59,98,0,1,0,0,0,0
1609,98,59,0,1,0,0,0,0
1610,45,101,0,1,0,0,0,0
1611,101,45,0,1,0,0,0,0
1612,42,110,0,1,0,0,0,0
1613,110,42,0,1,0,0,0,0
1614,8,78,0,1,0,0,0,0
1615,78,8,0,1,0,0,0,0
1616,7,17,0,1,0,0,0,0
1617,17,7,0,1,0,0,0,0
1618,4,38,0,1,0,0,0,0
1619,38,4,0,1,0,0,0,0
1620,142,129,0,1,0,0,0,0
1621,129,142,0,1,0,0,0,0
1622,125,32,0,1,0,0,0,0
1623,32,125,0,1,0,0,0,0
1624,121,35,0,1,0,0,0,0
1625,35,121,0,1,0,0,0,0
1626,104,28,0,1,0,0,0,0
1627,28,104,0,1,0,0,0,0
1628,92,119,0,1,0,0,0,0
1629,119,92,0,1,0,0,0,0
1630,87,46,0,1,0,0,0,0
1631,46,87,0,1,0,0,0,0
1632,82,11,0,1,0,0,0,0
1633,11,82,0,1,0,0,0,0
1634,50,116,0,1,0,0,0,0
1635,116,50,0,1,0,0,0,0
1636,116,109,0,1,0,0,0,0
1637,109,116,0,1,0,0,0,0
1638,38,90,0,1,0,0,0,0
1639,90,38,0,1,0,0,0,0
1640,32,18,0,1,0,0,0,0
1641,18,32,0,1,0,0,0,0
1642,30,54,0,1,0,0,0,0
1643,54,30,0,1,0,0,0,0
1644,28,131,0,1,0,0,0,0
1645,131,28,0,1,0,0,0,0
1646,141,21,0,1,0,0,0,0
1647,21,141,0,1,0,0,0,0
1648,21,48,0,1,0,0,0,0
1649,48,21,0,1,0,0,0,0
1650,119,39,0,1,0,0,0,0
1651,39,119,0,1,0,0,0,0
1652,101,80,0,1,0,0,0,0
1653,80,101,0,1,0,0,0,0
1654,91,37,0,1,0,0,0,0
1655,37,91,0,1,0,0,0,0
1656,69,114,0,1,0,0,0,0
1657,114,69,0,1,0,0,0,0
1658,55,66,0,1,0,0,0,0
1659,66,55,0,1,0,0,0,0
1660,53,100,0,1,0,0,0,0
1661,100,53,0,1,0,0,0,0
1662,46,27,0,1,0,0,0,0
1663,27,46,0,1,0,0,0,0
1664,43,120,0,1,0,0,0,0
1665,120,43,0,1,0,0,0,0
1666,33,36,0,1,0,0,0,0
1667,36,33,0,1,0,0,0,0
1668,20,0,0,1,0,0,0,0
1669,0,20,0,1,0,0,0,0
1670,2,5,0,1,0,0,0,0
1671,5,2,0,1,0,0,0,0
1672,107,77,0,1,0,0,0,0
1673,77,107,0,1,0,0,0,0
1674,96,50,0,1,0,0,0,0
1675,50,96,0,1,0,0,0,0
1676,75,93,0,1,0,0,0,0
1677,93,75,0,1,0,0,0,0
1678,72,51,0,1,0,0,0,0
1679,51,72,0,1,0,0,0,0
1680,51,97,0,1,0,0,0,0
1681,97,51,0,1,0,0,0,0
1682,48,85,0,1,0,0,0,0
1683,85,48,0,1,0,0,0,0
1684,17,3,0,1,0,0,0,0
1685,3,17,0,1,0,0,0,0
1686,11,65,0,1,0,0,0,0
1687,65,11,0,1,0,0,0,0
1688,100,26,0,1,0,0,0,0
1689,26,100,0,1,0,0,0,0
1690,97,75,0,1,0,0,0,0
1691,75,97,0,1,0,0,0,0
1692,77,117,0,1,0,0,0,0
1693,117,77,0,1,0,0,0,0
1694,71,57,0,1,0,0,0,0
1695,57,71,0,1,0,0,0,0
1696,66,143,0,1,0,0,0,0
1697,143,66,0,1,0,0,0,0
1698,62,149,0,1,0,0,0,0
1699,149,62,0,1,0,0,0,0
1700,58,43,0,1,0,0,0,0
1701,43,58,0,1,0,0,0,0
1702,57,56,0,1,0,0,0,0
1703,56,57,0,1,0,0,0,0
1704,54,126,0,1,0,0,0,0
1705,126,54,0,1,0,0,0,0
1706,40,67,0,1,0,0,0,0
1707,67,40,0,1,0,0,0,0
1708,23,4,0,1,0,0,0,0
1709,4,23,0,1,0,0,0,0
1710,136,13,0,1,0,0,0,0
1711,13,136,0,1,0,0,0,0
1712,95,19,0,1,0,0,0,0
1713,19,95,0,1,0,0,0,0
1714,90,139,0,1,0,0,0,0
1715,139,90,0,1,0,0,0,0
1716,68,24,0,1,0,0,0,0
1717,24,68,0,1,0,0,0,0
1718,49,106,0,1,0,0,0,0
1719,106,49,0,1,0,0,0,0
1720,31,10,0,1,0,0,0,0
1721,10,31,0,1,0,0,0,0
1722,24,148,0,1,0,0,0,0
1723,148,24,0,1,0,0,0,0
1724,13,55,0,1,0,0,0,0
1725,55,13,0,1,0,0,0,0
1726,12,72,0,1,0,0,0,0
1727,72,12,0,1,0,0,0,0
1728,140,94,0,1,0,0,0,0
1729,94,140,0,1,0,0,0,0
1730,129,52,0,1,0,0,0,0
1731,52,129,0,1,0,0,0,0
1732,124,64,0,1,0,0,0,0
1733,64,124,0,1,0,0,0,0
1734,88,14,0,1,0,0,0,0
1735,14,88,0,1,0,0,0,0
1736,78,33,0,1,0,0,0,0
1737,33,78,0,1,0,0,0,0
1738,67,123,0,1,0,0,0,0
1739,123,67,0,1,0,0,0,0
1740,47,138,0,1,0,0,0,0
1741,138,47,0,1,0,0,0,0
1742,35,20,0,1,0,0,0,0
1743,20,35,0,1,0,0,0,0
1744,14,96,0,1,0,0,0,0
1745,96,14,0,1,0,0,0,0
1746,1,62,0,1,0,0,0,0
1747,62,1,0,1,0,0,0,0
1748,143,16,0,1,0,0,0,0
1749,16,143,0,1,0,0,0,0
1750,70,2,0,1,0,0,0,0
1751,2,70,0,1,0,0,0,0
1752,65,81,0,1,0,0,0,0
1753,81,65,0,1,0,0,0,0
1754,56,135,0,1,0,0,0,0
1755,135,56,0,1,0,0,0,0
1756,52,121,0,1,0,0,0,0
1757,121,52,0,1,0,0,0,0
1758,44,88,0,1,0,0,0,0
1759,88,44,0,1,0,0,0,0
1760,39,87,0,1,0,0,0,0
1761,87,39,0,1,0,0,0,0
1762,36,83,0,1,0,0,0,0
1763,83,36,0,1,0,0,0,0
1764,29,82,0,1,0,0,0,0
1765,82,29,0,1,0,0,0,0
1766,18,41,0,1,0,0,0,0
1767,41,18,0,1,0,0,0,0
1768,10,144,0,1,0,0,0,0
1769,144,10,0,1,0,0,0,0
1770,9,30,0,1,0,0,0,0
1771,30,9,0,1,0,0,0,0
1772,6,105,0,1,0,0,0,0
1773,105,6,0,1,0,0,0,0
1774,126,6,0,1,0,0,0,0
1775,6,126,0,1,0,0,0,0
1776,86,115,0,1,0,0,0,0
1777,115,86,0,1,0,0,0,0
1778,85,71,0,1,0,0,0,0
1779,71,85,0,1,0,0,0,0
1780,81,76,0,1,0,0,0,0
1781,76,81,0,1,0,0,0,0
1782,76,1,0,1,0,0,0,0
1783,1,76,0,1,0,0,0,0
1784,61,136,0,1,0,0,0,0
1785,136,61,0,1,0,0,0,0
1786,37,25,0,1,0,0,0,0
1787,25,37,0,1,0,0,0,0
1788,26,49,0,1,0,0,0,0
1789,49,26,0,1,0,0,0,0
1790,22,44,0,1,0,0,0,0
1791,44,22,0,1,0,0,0,0
1792,19,102,0,1,0,0,0,0
1793,102,19,0,1,0,0,0,0
1794,16,141,0,1,0,0,0,0
1795,141,16,0,1,0,0,0,0
1796,15,132,0,1,0,0,0,0
1797,132,15,0,1,0,0,0,0
1798,5,108,0,1,0,0,0,0
1799,108,5,0,1,0,0,0,0
1800,0,36,0,1,0,0,0,0
1801,36,0,0,1,0,0,0,0
1802,36,63,0,1,0,0,0,0
1803,63,36,0,1,0,0,0,0
1804,149,87,0,1,0,0,0,0
1805,87,149,0,1,0,0,0,0
1806,87,117,0,1,0,0,0,0
1807,117,87,0,1,0,0,0,0
1808,148,48,0,1,0,0,0,0
1809,48,148,0,1,0,0,0,0
1810,147,34,0,1,0,0,0,0
1811,34,147,0,1,0,0,0,0
1812,146,120,0,1,0,0,0,0
1813,120,146,0,1,0,0,0,0
1814,120,29,0,1,0,0,0,0
1815,29,120,0,1,0,0,0,0
1816,144,143,0,1,0,0,0,0
1817,143,144,0,1,0,0,0,0
1818,143,83,0,1,0,0,0,0
1819,83,143,0,1,0,0,0,0
1820,141,18,0,1,0,0,0,0
1821,18,141,0,1,0,0,0,0
1822,18,146,0,1,0,0,0,0
1823,146,18,0,1,0,0,0,0
1824,137,76,0,1,0,0,0,0
1825,76,137,0,1,0,0,0,0
1826,76,16,0,1,0,0,0,0
1827,16,76,0,1,0,0,0,0
1828,136,108,0,1,0,0,0,0
1829,108,136,0,1,0,0,0,0
1830,134,74,0,1,0,0,0,0
1831,74,134,0,1,0,0,0,0
1832,74,119,0,1,0,0,0,0
1833,119,74,0,1,0,0,0,0
1834,132,142,0,1,0,0,0,0
1835,142,132,0,1,0,0,0,0
1836,130,132,0,1,0,0,0,0
1837,132,130,0,1,0,0,0,0
1838,122,4,0,1,0,0,0,0
1839,4,122,0,1,0,0,0,0
1840,121,10,0,1,0,0,0,0
1841,10,121,0,1,0,0,0,0
1842,119,86,0,1,0,0,0,0
1843,86,119,0,1,0,0,0,0
1844,98,7,0,1,0,0,0,0
1845,7,98,0,1,0,0,0,0
1846,97,42,0,1,0,0,0,0
1847,42,97,0,1,0,0,0,0
1848,96,125,0,1,0,0,0,0
1849,125,96,0,1,0,0,0,0
1850,88,90,0,1,0,0,0,0
1851,90,88,0,1,0,0,0,0
1852,70,111,0,1,0,0,0,0
1853,111,70,0,1,0,0,0,0
1854,67,116,0,1,0,0,0,0
1855,116,67,0,1,0,0,0,0
1856,52,66,0,1,0,0,0,0
1857,66,52,0,1,0,0,0,0
1858,35,130,0,1,0,0,0,0
1859,130,35,0,1,0,0,0,0
1860,13,81,0,1,0,0,0,0
1861,81,13,0,1,0,0,0,0
1862,116,84,0,1,0,0,0,0
1863,84,116,0,1,0,0,0,0
1864,112,99,0,1,0,0,0,0
1865,99,112,0,1,0,0,0,0
1866,99,32,0,1,0,0,0,0
1867,32,99,0,1,0,0,0,0
1868,95,31,0,1,0,0,0,0
1869,31,95,0,1,0,0,0,0
1870,93,92,0,1,0,0,0,0
1871,92,93,0,1,0,0,0,0
1872,92,89,0,1,0,0,0,0
1873,89,92,0,1,0,0,0,0
1874,91,131,0,1,0,0,0,0
1875,131,91,0,1,0,0,0,0
1876,90,105,0,1,0,0,0,0
1877,105,90,0,1,0,0,0,0
1878,86,49,0,1,0,0,0,0
1879,49,86,0,1,0,0,0,0
1880,64,43,0,1,0,0,0,0
1881,43,64,0,1,0,0,0,0
1882,54,145,0,1,0,0,0,0
1883,145,54,0,1,0,0,0,0
1884,51,1,0,1,0,0,0,0
1885,1,51,0,1,0,0,0,0
1886,127,73,0,1,0,0,0,0
1887,73,127,0,1,0,0,0,0
1888,73,134,0,1,0,0,0,0
1889,134,73,0,1,0,0,0,0
1890,113,69,0,1,0,0,0,0
1891,69,113,0,1,0,0,0,0
1892,69,98,0,1,0,0,0,0
1893,98,69,0,1,0,0,0,0
1894,94,38,0,1,0,0,0,0
1895,38,94,0,1,0,0,0,0
1896,56,82,0,1,0,0,0,0
1897,82,56,0,1,0,0,0,0
1898,48,149,0,1,0,0,0,0
1899,149,48,0,1,0,0,0,0
1900,28,77,0,1,0,0,0,0
1901,77,28,0,1,0,0,0,0
1902,27,47,0,1,0,0,0,0
1903,47,27,0,1,0,0,0,0
1904,47,136,0,1,0,0,0,0
1905,136,47,0,1,0,0,0,0
1906,16,22,0,1,0,0,0,0
1907,22,16,0,1,0,0,0,0
1908,133,11,0,1,0,0,0,0
1909,11,133,0,1,0,0,0,0
1910,124,139,0,1,0,0,0,0
1911,139,124,0,1,0,0,0,0
1912,118,70,0,1,0,0,0,0
1913,70,118,0,1,0,0,0,0
1914,85,24,0,1,0,0,0,0
1915,24,85,0,1,0,0,0,0
1916,80,97,0,1,0,0,0,0
1917,97,80,0,1,0,0,0,0
1918,77,133,0,1,0,0,0,0
1919,133,77,0,1,0,0,0,0
1920,72,121,0,1,0,0,0,0
1921,121,72,0,1,0,0,0,0
1922,43,100,0,1,0,0,0,0
1923,100,43,0,1,0,0,0,0
1924,25,39,0,1,0,0,0,0
1925,39,25,0,1,0,0,0,0
1926,20,78,0,1,0,0,0,0
1927,78,20,0,1,0,0,0,0
1928,12,61,0,1,0,0,0,0
1929,61,12,0,1,0,0,0,0
1930,145,60,0,1,0,0,0,0
1931,60,145,0,1,0,0,0,0
1932,123,55,0,1,0,0,0,0
1933,55,123,0,1,0,0,0,0
1934,84,41,0,1,0,0,0,0
1935,41,84,0,1,0,0,0,0
1936,58,20,0,1,0,0,0,0
1937,20,58,0,1,0,0,0,0
1938,39,37,0,1,0,0,0,0
1939,37,39,0,1,0,0,0,0
1940,37,79,0,1,0,0,0,0
1941,79,37,0,1,0,0,0,0
1942,24,102,0,1,0,0,0,0
1943,102,24,0,1,0,0,0,0
1944,17,28,0,1,0,0,0,0
1945,28,17,0,1,0,0,0,0
1946,142,109,0,1,0,0,0,0
1947,109,142,0,1,0,0,0,0
1948,129,9,0,1,0,0,0,0
1949,9,129,0,1,0,0,0,0
1950,109,30,0,1,0,0,0,0
1951,30,109,0,1,0,0,0,0
1952,105,46,0,1,0,0,0,0
1953,46,105,0,1,0,0,0,0
1954,79,106,0,1,0,0,0,0
1955,106,79,0,1,0,0,0,0
1956,63,3,0,1,0,0,0,0
1957,3,63,0,1,0,0,0,0
1958,61,148,0,1,0,0,0,0
1959,148,61,0,1,0,0,0,0
1960,46,144,0,1,0,0,0,0
1961,144,46,0,1,0,0,0,0
1962,40,8,0,1,0,0,0,0
1963,8,40,0,1,0,0,0,0
1964,8,54,0,1,0,0,0,0
1965,54,8,0,1,0,0,0,0
1966,21,75,0,1,0,0,0,0
1967,75,21,0,1,0,0,0,0
1968,75,45,0,1,0,0,0,0
1969,45,75,0,1,0,0,0,0
1970,83,95,0,1,0,0,0,0
1971,95,83,0,1,0,0,0,0
1972,62,15,0,1,0,0,0,0
1973,15,62,0,1,0,0,0,0
1974,60,93,0,1,0,0,0,0
1975,93,60,0,1,0,0,0,0
1976,53,72,0,1,0,0,0,0
1977,72,53,0,1,0,0,0,0
1978,50,138,0,1,0,0,0,0
1979,138,50,0,1,0,0,0,0
1980,138,123,0,1,0,0,0,0
1981,123,138,0,1,0,0,0,0
1982,14,110,0,1,0,0,0,0
1983,110,14,0,1,0,0,0,0
1984,10,50,0,1,0,0,0,0
1985,50,10,0,1,0,0,0,0
1986,110,101,0,1,0,0,0,0
1987,101,110,0,1,0,0,0,0
1988,102,62,0,1,0,0,0,0
1989,62,102,0,1,0,0,0,0
1990,101,124,0,1,0,0,0,0
1991,124,101,0,1,0,0,0,0
1992,100,71,0,1,0,0,0,0
1993,71,100,0,1,0,0,0,0
1994,66,14,0,1,0,0,0,0
1995,14,66,0,1,0,0,0,0
1996,49,96,0,1,0,0,0,0
1997,96,49,0,1,0,0,0,0
1998,19,17,0,1,0,0,0,0
1999,17,19,0,1,0,0,0,0
2000,11,0,0,1,0,0,0,0
2001,0,11,0,1,0,0,0,0
2002,5,23,0,1,0,0,0,0
2003,23,5,0,1,0,0,0,0
2004,140,135,0,1,0,0,0,0
2005,135,140,0,1,0,0,0,0
2006,135,114,0,1,0,0,0,0
2007,114,135,0,1,0,0,0,0
2008,126,44,0,1,0,0,0,0
2009,44,126,0,1,0,0,0,0
2010,108,12,0,1,0,0,0,0
2011,12,108,0,1,0,0,0,0
2012,103,127,0,1,0,0,0,0
2013,127,103,0,1,0,0,0,0
2014,71,35,0,1,0,0,0,0
2015,35,71,0,1,0,0,0,0
2016,57,129,0,1,0,0,0,0
2017,129,57,0,1,0,0,0,0
2018,44,107,0,1,0,0,0,0
2019,107,44,0,1,0,0,0,0
2020,41,19,0,1,0,0,0,0
2021,19,41,0,1,0,0,0,0
2022,38,128,0,1,0,0,0,0
2023,128,38,0,1,0,0,0,0
2024,26,27,0,1,0,0,0,0
2025,27,26,0,1,0,0,0,0
2026,7,147,0,1,0,0,0,0
2027,147,7,0,1,0,0,0,0
2028,111,53,0,1,0,0,0,0
2029,53,111,0,1,0,0,0,0
2030,104,65,0,1,0,0,0,0
2031,65,104,0,1,0,0,0,0
2032,29,88,0,1,0,0,0,0
2033,88,29,0,1,0,0,0,0
2034,9,33,0,1,0,0,0,0
2035,33,9,0,1,0,0,0,0
2036,139,140,0,1,0,0,0,0
2037,140,139,0,1,0,0,0,0
2038,131,56,0,1,0,0,0,0
2039,56,131,0,1,0,0,0,0
2040,114,91,0,1,0,0,0,0
2041,91,114,0,1,0,0,0,0
2042,106,141,0,1,0,0,0,0
2043,141,106,0,1,0,0,0,0
2044,65,67,0,1,0,0,0,0
2045,67,65,0,1,0,0,0,0
2046,45,51,0,1,0,0,0,0
2047,51,45,0,1,0,0,0,0
2048,42,21,0,1,0,0,0,0
2049,21,42,0,1,0,0,0,0
2050,32,122,0,1,0,0,0,0
2051,122,32,0,1,0,0,0,0
2052,30,103,0,1,0,0,0,0
2053,103,30,0,1,0,0,0,0
2054,23,85,0,1,0,0,0,0
2055,85,23,0,1,0,0,0,0
2056,128,64,0,1,0,0,0,0
2057,64,128,0,1,0,0,0,0
2058,125,5,0,1,0,0,0,0
2059,5,125,0,1,0,0,0,0
2060,117,68,0,1,0,0,0,0
2061,68,117,0,1,0,0,0,0
2062,81,94,0,1,0,0,0,0
2063,94,81,0,1,0,0,0,0
2064,68,126,0,1,0,0,0,0
2065,126,68,0,1,0,0,0,0
2066,59,13,0,1,0,0,0,0
2067,13,59,0,1,0,0,0,0
2068,22,26,0,1,0,0,0,0
2069,26,22,0,1,0,0,0,0
2070,3,40,0,1,0,0,0,0
2071,40,3,0,1,0,0,0,0
2072,115,112,0,1,0,0,0,0
2073,112,115,0,1,0,0,0,0
2074,107,58,0,1,0,0,0,0
2075,58,107,0,1,0,0,0,0
2076,89,104,0,1,0,0,0,0
2077,104,89,0,1,0,0,0,0
2078,82,118,0,1,0,0,0,0
2079,118,82,0,1,0,0,0,0
2080,78,115,0,1,0,0,0,0
2081,115,78,0,1,0,0,0,0
2082,55,59,0,1,0,0,0,0
2083,59,55,0,1,0,0,0,0
2084,34,2,0,1,0,0,0,0
2085,2,34,0,1,0,0,0,0
2086,33,80,0,1,0,0,0,0
2087,80,33,0,1,0,0,0,0
2088,31,25,0,1,0,0,0,0
2089,25,31,0,1,0,0,0,0
2090,15,52,0,1,0,0,0,0
2091,52,15,0,1,0,0,0,0
2092,6,113,0,1,0,0,0,0
2093,113,6,0,1,0,0,0,0
2094,4,137,0,1,0,0,0,0
2095,137,4,0,1,0,0,0,0
2096,2,6,0,1,0,0,0,0
2097,6,2,0,1,0,0,0,0
2098,1,57,0,1,0,0,0,0
2099,57,1,0,1,0,0,0,0
2100,0,49,0,1,0,0,0,0
2101,49,0,0,1,0,0,0,0
2102,49,132,0,1,0,0,0,0
2103,132,49,0,1,0,0,0,0
2104,149,137,0,1,0,0,0,0
2105,137,149,0,1,0,0,0,0
2106,137,1,0,1,0,0,0,0
2107,1,137,0,1,0,0,0,0
2108,147,4,0,1,0,0,0,0
2109,4,147,0,1,0,0,0,0
2110,146,55,0,1,0,0,0,0
2111,55,146,0,1,0,0,0,0
2112,55,105,0,1,0,0,0,0
2113,105,55,0,1,0,0,0,0
2114,139,59,0,1,0,0,0,0
2115,59,139,0,1,0,0,0,0
2116,136,124,0,1,0,0,0,0
2117,124,136,0,1,0,0,0,0
2118,134,27,0,1,0,0,0,0
2119,27,134,0,1,0,0,0,0
2120,133,9,0,1,0,0,0,0
2121,9,133,0,1,0,0,0,0
2122,127,25,0,1,0,0,0,0
2123,25,127,0,1,0,0,0,0
2124,25,17,0,1,0,0,0,0
2125,17,25,0,1,0,0,0,0
2126,126,10,0,1,0,0,0,0
2127,10,126,0,1,0,0,0,0
2128,10,107,0,1,0,0,0,0
2129,107,10,0,1,0,0,0,0
2130,125,95,0,1,0,0,0,0
2131,95,125,0,1,0,0,0,0
2132,118,63,0,1,0,0,0,0
2133,63,118,0,1,0,0,0,0
2134,116,28,0,1,0,0,0,0
2135,28,116,0,1,0,0,0,0
2136,109,108,0,1,0,0,0,0
2137,108,109,0,1,0,0,0,0
2138,108,67,0,1,0,0,0,0
2139,67,108,0,1,0,0,0,0
2140,94,26,0,1,0,0,0,0
2141,26,94,0,1,0,0,0,0
2142,88,32,0,1,0,0,0,0
2143,32,88,0,1,0,0,0,0
2144,81,80,0,1,0,0,0,0
2145,80,81,0,1,0,0,0,0
2146,69,146,0,1,0,0,0,0
2147,146,69,0,1,0,0,0,0
2148,32,103,0,1,0,0,0,0
2149,103,32,0,1,0,0,0,0
2150,21,29,0,1,0,0,0,0
2151,29,21,0,1,0,0,0,0
2152,9,96,0,1,0,0,0,0
2153,96,9,0,1,0,0,0,0
2154,4,111,0,1,0,0,0,0
2155,111,4,0,1,0,0,0,0
2156,1,106,0,1,0,0,0,0
2157,106,1,0,1,0,0,0,0
2158,145,16,0,1,0,0,0,0
2159,16,145,0,1,0,0,0,0
2160,140,33,0,1,0,0,0,0
2161,33,140,0,1,0,0,0,0
2162,119,53,0,1,0,0,0,0
2163,53,119,0,1,0,0,0,0
2164,117,43,0,1,0,0,0,0
2165,43,117,0,1,0,0,0,0
2166,114,99,0,1,0,0,0,0
2167,99,114,0,1,0,0,0,0
2168,113,90,0,1,0,0,0,0
2169,90,113,0,1,0,0,0,0
2170,99,91,0,1,0,0,0,0
2171,91,99,0,1,0,0,0,0
2172,92,18,0,1,0,0,0,0
2173,18,92,0,1,0,0,0,0
2174,61,143,0,1,0,0,0,0
2175,143,61,0,1,0,0,0,0
2176,60,136,0,1,0,0,0,0
2177,136,60,0,1,0,0,0,0
2178,57,113,0,1,0,0,0,0
2179,113,57,0,1,0,0,0,0
2180,54,115,0,1,0,0,0,0
2181,115,54,0,1,0,0,0,0
2182,34,69,0,1,0,0,0,0
2183,69,34,0,1,0,0,0,0
2184,115,144,0,1,0,0,0,0
2185,144,115,0,1,0,0,0,0
2186,95,58,0,1,0,0,0,0
2187,58,95,0,1,0,0,0,0
2188,87,123,0,1,0,0,0,0
2189,123,87,0,1,0,0,0,0
2190,85,120,0,1,0,0,0,0
2191,120,85,0,1,0,0,0,0
2192,80,131,0,1,0,0,0,0
2193,131,80,0,1,0,0,0,0
2194,44,76,0,1,0,0,0,0
2195,76,44,0,1,0,0,0,0
2196,5,110,0,1,0,0,0,0
2197,110,5,0,1,0,0,0,0
2198,110,60,0,1,0,0,0,0
2199,60,110,0,1,0,0,0,0
2200,84,112,0,1,0,0,0,0
2201,112,84,0,1,0,0,0,0
2202,65,38,0,1,0,0,0,0
2203,38,65,0,1,0,0,0,0
2204,63,117,0,1,0,0,0,0
2205,117,63,0,1,0,0,0,0
2206,38,15,0,1,0,0,0,0
2207,15,38,0,1,0,0,0,0
2208,24,79,0,1,0,0,0,0
2209,79,24,0,1,0,0,0,0
2210,11,72,0,1,0,0,0,0
2211,72,11,0,1,0,0,0,0
2212,72,133,0,1,0,0,0,0
2213,133,72,0,1,0,0,0,0
2214,144,85,0,1,0,0,0,0
2215,85,144,0,1,0,0,0,0
2216,124,57,0,1,0,0,0,0
2217,57,124,0,1,0,0,0,0
2218,104,148,0,1,0,0,0,0
2219,148,104,0,1,0,0,0,0
2220,148,3,0,1,0,0,0,0
2221,3,148,0,1,0,0,0,0
2222,96,128,0,1,0,0,0,0
2223,128,96,0,1,0,0,0,0
2224,70,86,0,1,0,0,0,0
2225,86,70,0,1,0,0,0,0
2226,67,46,0,1,0,0,0,0
2227,46,67,0,1,0,0,0,0
2228,45,122,0,1,0,0,0,0
2229,122,45,0,1,0,0,0,0
2230,29,73,0,1,0,0,0,0
2231,73,29,0,1,0,0,0,0
2232,143,141,0,1,0,0,0,0
2233,141,143,0,1,0,0,0,0
2234,131,82,0,1,0,0,0,0
2235,82,131,0,1,0,0,0,0
2236,112,126,0,1,0,0,0,0
2237,126,112,0,1,0,0,0,0
2238,103,48,0,1,0,0,0,0
2239,48,103,0,1,0,0,0,0
2240,102,31,0,1,0,0,0,0
2241,31,102,0,1,0,0,0,0
2242,93,47,0,1,0,0,0,0
2243,47,93,0,1,0,0,0,0
2244,89,138,0,1,0,0,0,0
2245,138,89,0,1,0,0,0,0
2246,75,62,0,1,0,0,0,0
2247,62,75,0,1,0,0,0,0
2248,33,20,0,1,0,0,0,0
2249,20,33,0,1,0,0,0,0
2250,28,5,0,1,0,0,0,0
2251,5,28,0,1,0,0,0,0
2252,138,45,0,1,0,0,0,0
2253,45,138,0,1,0,0,0,0
2254,128,102,0,1,0,0,0,0
2255,102,128,0,1,0,0,0,0
2256,121,94,0,1,0,0,0,0
2257,94,121,0,1,0,0,0,0
2258,100,44,0,1,0,0,0,0
2259,44,100,0,1,0,0,0,0
2260,73,139,0,1,0,0,0,0
2261,139,73,0,1,0,0,0,0
2262,39,21,0,1,0,0,0,0
2263,21,39,0,1,0,0,0,0
2264,20,75,0,1,0,0,0,0
2265,75,20,0,1,0,0,0,0
2266,91,130,0,1,0,0,0,0
2267,130,91,0,1,0,0,0,0
2268,82,93,0,1,0,0,0,0
2269,93,82,0,1,0,0,0,0
2270,59,65,0,1,0,0,0,0
2271,65,59,0,1,0,0,0,0
2272,56,8,0,1,0,0,0,0
2273,8,56,0,1,0,0,0,0
2274,53,88,0,1,0,0,0,0
2275,88,53,0,1,0,0,0,0
2276,36,121,0,1,0,0,0,0
2277,121,36,0,1,0,0,0,0
2278,27,77,0,1,0,0,0,0
2279,77,27,0,1,0,0,0,0
2280,23,70,0,1,0,0,0,0
2281,70,23,0,1,0,0,0,0
2282,135,87,0,1,0,0,0,0
2283,87,135,0,1,0,0,0,0
2284,105,66,0,1,0,0,0,0
2285,66,105,0,1,0,0,0,0
2286,74,12,0,1,0,0,0,0
2287,12,74,0,1,0,0,0,0
2288,12,97,0,1,0,0,0,0
2289,97,12,0,1,0,0,0,0
2290,62,116,0,1,0,0,0,0
2291,116,62,0,1,0,0,0,0
2292,43,127,0,1,0,0,0,0
2293,127,43,0,1,0,0,0,0
2294,40,78,0,1,0,0,0,0
2295,78,40,0,1,0,0,0,0
2296,26,129,0,1,0,0,0,0
2297,129,26,0,1,0,0,0,0
2298,130,134,0,1,0,0,0,0
2299,134,130,0,1,0,0,0,0
2300,129,119,0,1,0,0,0,0
2301,119,129,0,1,0,0,0,0
2302,107,92,0,1,0,0,0,0
2303,92,107,0,1,0,0,0,0
2304,78,22,0,1,0,0,0,0
2305,22,78,0,1,0,0,0,0
2306,77,35,0,1,0,0,0,0
2307,35,77,0,1,0,0,0,0
2308,41,2,0,1,0,0,0,0
2309,2,41,0,1,0,0,0,0
2310,2,42,0,1,0,0,0,0
2311,42,2,0,1,0,0,0,0
2312,37,101,0,1,0,0,0,0
2313,101,37,0,1,0,0,0,0
2314,17,135,0,1,0,0,0,0
2315,135,17,0,1,0,0,0,0
2316,13,104,0,1,0,0,0,0
2317,104,13,0,1,0,0,0,0
2318,8,13,0,1,0,0,0,0
2319,13,8,0,1,0,0,0,0
2320,7,74,0,1,0,0,0,0
2321,74,7,0,1,0,0,0,0
2322,142,11,0,1,0,0,0,0
2323,11,142,0,1,0,0,0,0
2324,132,24,0,1,0,0,0,0
2325,24,132,0,1,0,0,0,0
2326,120,30,0,1,0,0,0,0
2327,30,120,0,1,0,0,0,0
2328,76,149,0,1,0,0,0,0
2329,149,76,0,1,0,0,0,0
2330,122,41,0,1,0,0,0,0
2331,41,122,0,1,0,0,0,0
2332,106,140,0,1,0,0,0,0
2333,140,106,0,1,0,0,0,0
2334,101,23,0,1,0,0,0,0
2335,23,101,0,1,0,0,0,0
2336,98,34,0,1,0,0,0,0
2337,34,98,0,1,0,0,0,0
2338,97,56,0,1,0,0,0,0
2339,56,97,0,1,0,0,0,0
2340,66,71,0,1,0,0,0,0
2341,71,66,0,1,0,0,0,0
2342,30,89,0,1,0,0,0,0
2343,89,30,0,1,0,0,0,0
2344,22,81,0,1,0,0,0,0
2345,81,22,0,1,0,0,0,0
2346,16,98,0,1,0,0,0,0
2347,98,16,0,1,0,0,0,0
2348,83,19,0,1,0,0,0,0
2349,19,83,0,1,0,0,0,0
2350,79,147,0,1,0,0,0,0
2351,147,79,0,1,0,0,0,0
2352,48,125,0,1,0,0,0,0
2353,125,48,0,1,0,0,0,0
2354,19,100,0,1,0,0,0,0
2355,100,19,0,1,0,0,0,0
2356,15,142,0,1,0,0,0,0
2357,142,15,0,1,0,0,0,0
2358,3,68,0,1,0,0,0,0
2359,68,3,0,1,0,0,0,0
2360,141,14,0,1,0,0,0,0
2361,14,141,0,1,0,0,0,0
2362,90,52,0,1,0,0,0,0
2363,52,90,0,1,0,0,0,0
2364,58,54,0,1,0,0,0,0
2365,54,58,0,1,0,0,0,0
2366,52,6,0,1,0,0,0,0
2367,6,52,0,1,0,0,0,0
2368,51,7,0,1,0,0,0,0
2369,7,51,0,1,0,0,0,0
2370,47,114,0,1,0,0,0,0
2371,114,47,0,1,0,0,0,0
2372,46,118,0,1,0,0,0,0
2373,118,46,0,1,0,0,0,0
2374,14,64,0,1,0,0,0,0
2375,64,14,0,1,0,0,0,0
2376,123,0,0,1,0,0,0,0
2377,0,123,0,1,0,0,0,0
2378,111,39,0,1,0,0,0,0
2379,39,111,0,1,0,0,0,0
2380,86,84,0,1,0,0,0,0
2381,84,86,0,1,0,0,0,0
2382,71,61,0,1,0,0,0,0
2383,61,71,0,1,0,0,0,0
2384,68,40,0,1,0,0,0,0
2385,40,68,0,1,0,0,0,0
2386,64,51,0,1,0,0,0,0
2387,51,64,0,1,0,0,0,0
2388,50,145,0,1,0,0,0,0
2389,145,50,0,1,0,0,0,0
2390,42,50,0,1,0,0,0,0
2391,50,42,0,1,0,0,0,0
2392,35,36,0,1,0,0,0,0
2393,36,35,0,1,0,0,0,0
2394,31,109,0,1,0,0,0,0
2395,109,31,0,1,0,0,0,0
2396,18,83,0,1,0,0,0,0
2397,83,18,0,1,0,0,0,0
2398,6,37,0,1,0,0,0,0
2399,37,6,0,1,0,0,0,0
2400,0,13,0,1,0,0,0,0
2401,13,0,0,1,0,0,0,0
2402,13,100,0,1,0,0,0,0
2403,100,13,0,1,0,0,0,0
2404,149,7,0,1,0,0,0,0
2405,7,149,0,1,0,0,0,0
2406,7,20,0,1,0,0,0,0
2407,20,7,0,1,0,0,0,0
2408,148,5,0,1,0,0,0,0
2409,5,148,0,1,0,0,0,0
2410,5,58,0,1,0,0,0,0
2411,58,5,0,1,0,0,0,0
2412,146,93,0,1,0,0,0,0
2413,93,146,0,1,0,0,0,0
2414,93,39,0,1,0,0,0,0
2415,39,93,0,1,0,0,0,0
2416,142,62,0,1,0,0,0,0
2417,62,142,0,1,0,0,0,0
2418,62,42,0,1,0,0,0,0
2419,42,62,0,1,0,0,0,0
2420,141,69,0,1,0,0,0,0
2421,69,141,0,1,0,0,0,0
2422,69,71,0,1,0,0,0,0
2423,71,69,0,1,0,0,0,0
2424,140,37,0,1,0,0,0,0
2425,37,140,0,1,0,0,0,0
2426,139,146,0,1,0,0,0,0
2427,146,139,0,1,0,0,0,0
2428,138,17,0,1,0,0,0,0
2429,17,138,0,1,0,0,0,0
2430,131,44,0,1,0,0,0,0
2431,44,131,0,1,0,0,0,0
2432,128,129,0,1,0,0,0,0
2433,129,128,0,1,0,0,0,0
2434,129,149,0,1,0,0,0,0
2435,149,129,0,1,0,0,0,0
2436,122,94,0,1,0,0,0,0
2437,94,122,0,1,0,0,0,0
2438,117,137,0,1,0,0,0,0
2439,137,117,0,1,0,0,0,0
2440,115,90,0,1,0,0,0,0
2441,90,115,0,1,0,0,0,0
2442,90,135,0,1,0,0,0,0
2443,135,90,0,1,0,0,0,0
2444,70,50,0,1,0,0,0,0
2445,50,70,0,1,0,0,0,0
2446,68,74,0,1,0,0,0,0
2447,74,68,0,1,0,0,0,0
2448,50,54,0,1,0,0,0,0
2449,54,50,0,1,0,0,0,0
2450,44,67,0,1,0,0,0,0
2451,67,44,0,1,0,0,0,0
2452,132,41,0,1,0,0,0,0
2453,41,132,0,1,0,0,0,0
2454,130,77,0,1,0,0,0,0
2455,77,130,0,1,0,0,0,0
2456,102,4,0,1,0,0,0,0
2457,4,102,0,1,0,0,0,0
2458,95,25,0,1,0,0,0,0
2459,25,95,0,1,0,0,0,0
2460,82,68,0,1,0,0,0,0
2461,68,82,0,1,0,0,0,0
2462,80,9,0,1,0,0,0,0
2463,9,80,0,1,0,0,0,0
2464,36,66,0,1,0,0,0,0
2465,66,36,0,1,0,0,0,0
2466,66,57,0,1,0,0,0,0
2467,57,66,0,1,0,0,0,0
2468,6,112,0,1,0,0,0,0
2469,112,6,0,1,0,0,0,0
2470,135,80,0,1,0,0,0,0
2471,80,135,0,1,0,0,0,0
2472,125,107,0,1,0,0,0,0
2473,107,125,0,1,0,0,0,0
2474,91,75,0,1,0,0,0,0
2475,75,91,0,1,0,0,0,0
2476,74,91,0,1,0,0,0,0
2477,91,74,0,1,0,0,0,0
2478,54,19,0,1,0,0,0,0
2479,19,54,0,1,0,0,0,0
2480,22,12,0,1,0,0,0,0
2481,12,22,0,1,0,0,0,0
2482,12,141,0,1,0,0,0,0
2483,141,12,0,1,0,0,0,0
2484,144,111,0,1,0,0,0,0
2485,111,144,0,1,0,0,0,0
2486,137,128,0,1,0,0,0,0
2487,128,137,0,1,0,0,0,0
2488,109,0,0,1,0,0,0,0
2489,0,109,0,1,0,0,0,0
2490,101,104,0,1,0,0,0,0
2491,104,101,0,1,0,0,0,0
2492,94,120,0,1,0,0,0,0
2493,120,94,0,1,0,0,0,0
2494,73,116,0,1,0,0,0,0
2495,116,73,0,1,0,0,0,0
2496,48,60,0,1,0,0,0,0
2497,60,48,0,1,0,0,0,0
2498,34,52,0,1,0,0,0,0
2499,52,34,0,1,0,0,0,0
2500,127,110,0,1,0,0,0,0
2501,110,127,0,1,0,0,0,0
2502,120,3,0,1,0,0,0,0
2503,3,120,0,1,0,0,0,0
2504,118,24,0,1,0,0,0,0
2505,24,118,0,1,0,0,0,0
2506,107,32,0,1,0,0,0,0
2507,32,107,0,1,0,0,0,0
2508,100,138,0,1,0,0,0,0
2509,138,100,0,1,0,0,0,0
2510,98,125,0,1,0,0,0,0
2511,125,98,0,1,0,0,0,0
2512,86,79,0,1,0,0,0,0
2513,79,86,0,1,0,0,0,0
2514,77,2,0,1,0,0,0,0
2515,2,77,0,1,0,0,0,0
2516,72,34,0,1,0,0,0,0
2517,34,72,0,1,0,0,0,0
2518,51,142,0,1,0,0,0,0
2519,142,51,0,1,0,0,0,0
2520,124,105,0,1,0,0,0,0
2521,105,124,0,1,0,0,0,0
2522,112,85,0,1,0,0,0,0
2523,85,112,0,1,0,0,0,0
2524,85,143,0,1,0,0,0,0
2525,143,85,0,1,0,0,0,0
2526,67,49,0,1,0,0,0,0
2527,49,67,0,1,0,0,0,0
2528,47,119,0,1,0,0,0,0
2529,119,47,0,1,0,0,0,0
2530,33,38,0,1,0,0,0,0
2531,38,33,0,1,0,0,0,0
2532,134,8,0,1,0,0,0,0
2533,8,134,0,1,0,0,0,0
2534,121,113,0,1,0,0,0,0
2535,113,121,0,1,0,0,0,0
2536,119,22,0,1,0,0,0,0
2537,22,119,0,1,0,0,0,0
2538,111,30,0,1,0,0,0,0
2539,30,111,0,1,0,0,0,0
2540,49,95,0,1,0,0,0,0
2541,95,49,0,1,0,0,0,0
2542,8,133,0,1,0,0,0,0
2543,133,8,0,1,0,0,0,0
2544,143,147,0,1,0,0,0,0
2545,147,143,0,1,0,0,0,0
2546,75,63,0,1,0,0,0,0
2547,63,75,0,1,0,0,0,0
2548,32,6,0,1,0,0,0,0
2549,6,32,0,1,0,0,0,0
2550,27,118,0,1,0,0,0,0
2551,118,27,0,1,0,0,0,0
2552,26,148,0,1,0,0,0,0
2553,148,26,0,1,0,0,0,0
2554,14,115,0,1,0,0,0,0
2555,115,14,0,1,0,0,0,0
2556,136,46,0,1,0,0,0,0
2557,46,136,0,1,0,0,0,0
2558,133,55,0,1,0,0,0,0
2559,55,133,0,1,0,0,0,0
2560,110,18,0,1,0,0,0,0
2561,18,110,0,1,0,0,0,0
2562,81,123,0,1,0,0,0,0
2563,123,81,0,1,0,0,0,0
2564,65,64,0,1,0,0,0,0
2565,64,65,0,1,0,0,0,0
2566,64,98,0,1,0,0,0,0
2567,98,64,0,1,0,0,0,0
2568,46,134,0,1,0,0,0,0
2569,134,46,0,1,0,0,0,0
2570,38,51,0,1,0,0,0,0
2571,51,38,0,1,0,0,0,0
2572,29,92,0,1,0,0,0,0
2573,92,29,0,1,0,0,0,0
2574,19,48,0,1,0,0,0,0
2575,48,19,0,1,0,0,0,0
2576,11,23,0,1,0,0,0,0
2577,23,11,0,1,0,0,0,0
2578,114,45,0,1,0,0,0,0
2579,45,114,0,1,0,0,0,0
2580,58,33,0,1,0,0,0,0
2581,33,58,0,1,0,0,0,0
2582,56,31,0,1,0,0,0,0
2583,31,56,0,1,0,0,0,0
2584,31,36,0,1,0,0,0,0
2585,36,31,0,1,0,0,0,0
2586,52,114,0,1,0,0,0,0
2587,114,52,0,1,0,0,0,0
2588,41,131,0,1,0,0,0,0
2589,131,41,0,1,0,0,0,0
2590,39,70,0,1,0,0,0,0
2591,70,39,0,1,0,0,0,0
2592,147,59,0,1,0,0,0,0
2593,59,147,0,1,0,0,0,0
2594,104,16,0,1,0,0,0,0
2595,16,104,0,1,0,0,0,0
2596,59,144,0,1,0,0,0,0
2597,144,59,0,1,0,0,0,0
2598,23,84,0,1,0,0,0,0
2599,84,23,0,1,0,0,0,0
2600,18,40,0,1,0,0,0,0
2601,40,18,0,1,0,0,0,0
2602,15,106,0,1,0,0,0,0
2603,106,15,0,1,0,0,0,0
2604,9,82,0,1,0,0,0,0
2605,82,9,0,1,0,0,0,0
2606,123,103,0,1,0,0,0,0
2607,103,123,0,1,0,0,0,0
2608,108,86,0,1,0,0,0,0
2609,86,108,0,1,0,0,0,0
2610,96,136,0,1,0,0,0,0
2611,136,96,0,1,0,0,0,0
2612,92,108,0,1,0,0,0,0
2613,108,92,0,1,0,0,0,0
2614,88,76,0,1,0,0,0,0
2615,76,88,0,1,0,0,0,0
2616,71,28,0,1,0,0,0,0
2617,28,71,0,1,0,0,0,0
2618,57,72,0,1,0,0,0,0
2619,72,57,0,1,0,0,0,0
2620,4,81,0,1,0,0,0,0
2621,81,4,0,1,0,0,0,0
2622,2,101,0,1,0,0,0,0
2623,101,2,0,1,0,0,0,0
2624,28,130,0,1,0,0,0,0
2625,130,28,0,1,0,0,0,0
2626,20,96,0,1,0,0,0,0
2627,96,20,0,1,0,0,0,0
2628,126,97,0,1,0,0,0,0
2629,97,126,0,1,0,0,0,0
2630,116,10,0,1,0,0,0,0
2631,10,116,0,1,0,0,0,0
2632,106,117,0,1,0,0,0,0
2633,117,106,0,1,0,0,0,0
2634,99,27,0,1,0,0,0,0
2635,27,99,0,1,0,0,0,0
2636,97,15,0,1,0,0,0,0
2637,15,97,0,1,0,0,0,0
2638,76,56,0,1,0,0,0,0
2639,56,76,0,1,0,0,0,0
2640,61,14,0,1,0,0,0,0
2641,14,61,0,1,0,0,0,0
2642,40,43,0,1,0,0,0,0
2643,43,40,0,1,0,0,0,0
2644,24,35,0,1,0,0,0,0
2645,35,24,0,1,0,0,0,0
2646,21,109,0,1,0,0,0,0
2647,109,21,0,1,0,0,0,0
2648,16,83,0,1,0,0,0,0
2649,83,16,0,1,0,0,0,0
2650,10,124,0,1,0,0,0,0
2651,124,10,0,1,0,0,0,0
2652,83,127,0,1,0,0,0,0
2653,127,83,0,1,0,0,0,0
2654,78,99,0,1,0,0,0,0
2655,99,78,0,1,0,0,0,0
2656,60,126,0,1,0,0,0,0
2657,126,60,0,1,0,0,0,0
2658,53,122,0,1,0,0,0,0
2659,122,53,0,1,0,0,0,0
2660,42,121,0,1,0,0,0,0
2661,121,42,0,1,0,0,0,0
2662,79,102,0,1,0,0,0,0
2663,102,79,0,1,0,0,0,0
2664,63,145,0,1,0,0,0,0
2665,145,63,0,1,0,0,0,0
2666,45,140,0,1,0,0,0,0
2667,140,45,0,1,0,0,0,0
2668,35,21,0,1,0,0,0,0
2669,21,35,0,1,0,0,0,0
2670,30,87,0,1,0,0,0,0
2671,87,30,0,1,0,0,0,0
2672,3,139,0,1,0,0,0,0
2673,139,3,0,1,0,0,0,0
2674,145,47,0,1,0,0,0,0
2675,47,145,0,1,0,0,0,0
2676,113,29,0,1,0,0,0,0
2677,29,113,0,1,0,0,0,0
2678,105,65,0,1,0,0,0,0
2679,65,105,0,1,0,0,0,0
2680,103,78,0,1,0,0,0,0
2681,78,103,0,1,0,0,0,0
2682,89,132,0,1,0,0,0,0
2683,132,89,0,1,0,0,0,0
2684,87,11,0,1,0,0,0,0
2685,11,87,0,1,0,0,0,0
2686,84,1,0,1,0,0,0,0
2687,1,84,0,1,0,0,0,0
2688,55,89,0,1,0,0,0,0
2689,89,55,0,1,0,0,0,0
2690,43,73,0,1,0,0,0,0
2691,73,43,0,1,0,0,0,0
2692,37,53,0,1,0,0,0,0
2693,53,37,0,1,0,0,0,0
2694,25,61,0,1,0,0,0,0
2695,61,25,0,1,0,0,0,0
2696,17,26,0,1,0,0,0,0
2697,26,17,0,1,0,0,0,0
2698,1,88,0,1,0,0,0,0
2699,88,1,0,1,0,0,0,0
