0 0 0
0 0 0
19348
19356
19399
19403
19513
19741
19745
19772
19774
19791
19793
19836
19837
19907
19908
20046
20049
20057
20060
20091
20097
20114
20163
20166
20171
20190
20193
20197
20235
20240
20254
20258
20260
20262
20273
20274
20287
20288
20304
20330
20334
20337
20342
20344
20368
20382
20394
20414
20429
20445
20452
20458
20483
20486
20490
20507
20508
20510
20513
20515
20517
20532
20534
20558
20565
20572
20581
20583
20585
20602
20640
20657
20665
20667
20678
20679
20681
20682
20686
20699
20703
20706
20710
20711
20716
20743
20771
20773
20794
20824
20830
20832
20855
20857
20858
20859
20870
20877
20881
20885
20908
20912
20915
20919
20925
20933
20944
20950
20952
20957
20959
20961
20969
20976
21001
21002
21007
21009
21014
21026
21028
21033
21037
21039
21047
21053
21059
21071
21072
21077
21078
21086
21090
21091
21096
21097
21102
21104
21110
21113
21114
21115
21121
21123
21124
21126
21159
21161
21162
21166
21172
21191
21192
21199
21200
21204
21208
21210
21211
21212
21223
21224
21227
21229
21230
21231
21235
21237
21242
21244
21246
21248
21261
21265
21267
21273
21276
21280
21282
21292
21305
21319
21322
21324
21332
21337
21341
21345
21360
21361
21381
21382
21394
21395
21396
21401
21402
21413
21414
21419
21420
21421
21423
21425
21427
21428
21432
21433
21438
21444
21446
21447
21451
21452
21455
21457
21459
21465
21466
21467
21470
21476
21477
21484
21489
21490
21493
21495
21503
21504
21505
21512
21514
21520
21521
21522
21523
21527
21533
21534
21535
21539
21541
21546
21552
21553
21555
21558
21561
21565
21567
21571
21577
21588
21590
21603
21604
21607
21609
21610
21611
21612
21622
21624
21627
21636
21641
21647
21648
21666
21669
21674
21679
21680
21685
21686
21693
21699
21700
21723
21729
21732
21736
21743
21744
21746
21750
21751
21762
21774
21780
21782
21783
21788
21789
21797
21799
21801
21802
21820
21824
21833
21837
21838
21843
21845
21854
21856
21858
21862
21864
21875
21876
21884
21892
21893
21894
21902
21907
21911
21913
21914
21917
21922
21930
21932
21938
21940
21949
21951
21953
21960
21970
21978
21980
21983
21984
21987
21989
21995
21997
22002
22003
22014
22015
22016
22018
22021
22025
22029
22033
22034
22035
22036
22041
22044
22046
22048
22052
22054
22056
22062
22065
22068
22073
22075
22078
22082
22084
22085
22086
22087
22092
22093
22094
22097
22103
22104
22105
22111
22112
22113
22116
22123
22128
22130
22135
22141
22142
22143
22147
22154
22155
22158
22160
22162
22169
22174
22187
22192
22194
22198
22204
22211
22212
22215
22216
22217
22223
22225
22226
22227
22230
22236
22244
22249
22250
22254
22255
22257
22258
22261
22264
22272
22275
22288
22291
22292
22301
22310
22318
22320
22321
22325
22328
22331
22337
22344
22348
22352
22353
22356
22358
22359
22360
22367
22369
22370
22371
22375
22382
22384
22388
22396
22401
22405
22407
22408
22413
22415
22416
22420
22424
22426
22427
22434
22439
22440
22443
22445
22446
22447
22451
22453
22458
22462
22463
22464
22482
22483
22484
22491
22492
22496
22508
22515
22516
22517
22521
22524
22529
22538
22540
22541
22542
22548
22549
22553
22559
22560
22561
22565
22566
22578
22586
22587
22591
22593
22598
22605
22610
22611
22612
22616
22617
22619
22622
22624
22629
22630
22631
22635
22637
22641
22645
22650
22653
22655
22657
22662
22663
22664
22668
22669
22671
22674
22681
22682
22683
22687
22690
22692
22693
22694
22697
22701
22724
22725
22729
22730
22731
22733
22736
22738
22743
22744
22747
22749
22750
22755
22758
22759
22762
22766
22768
22770
22776
22781
22783
22787
22788
22789
22793
22795
22796
22800
22801
22803
22804
22806
22812
22814
22815
22823
22825
22826
22831
22832
22834
22838
22839
22840
22841
22842
22844
22845
22850
22851
22852
22853
22855
22857
22858
22861
22862
22863
22864
22866
22867
22869
22870
22871
22872
22876
22880
22883
22884
22888
22895
22896
22901
22903
22909
22914
22920
22921
22922
22926
22933
22934
22937
22939
22941
22945
22947
22948
22950
22952
22956
22966
22968
22972
22975
22977
22978
22979
22980
22981
22982
22983
22984
22985
22996
23004
23005
23009
23010
23013
23014
23015
23025
23028
23029
23034
23035
23036
23037
23038
23047
23053
23054
23059
23060
23062
23066
23068
23072
23078
23080
23085
23089
23091
23092
23093
23094
23097
23099
23100
23104
23108
23110
23116
23123
23125
23128
23130
23137
23138
23139
23142
23146
23148
23151
23154
23156
23158
23165
23167
23168
23169
23184
23186
23189
23195
23199
23201
23203
23211
23212
23213
23215
23222
23224
23232
23234
23237
23238
23241
23243
23244
23245
23246
23249
23256
23257
23258
23259
23262
23263
23264
23268
23269
23270
23271
23272
23276
23279
23280
23281
23287
23290
23294
23300
23303
23313
23325
23326
23332
23336
23337
23338
23341
23342
23344
23345
23346
23347
23352
23357
23358
23361
23363
23365
23370
23374
23376
23377
23378
23385
23389
23390
23393
23394
23395
23397
23401
23403
23404
23405
23408
23414
23415
23418
23427
23428
23431
23432
23433
23434
23435
23436
23439
23441
23443
23446
23448
23451
23452
23453
23454
23455
23456
23460
23465
23467
23469
23470
23471
23472
23479
23484
23487
23488
23490
23491
23492
23493
23495
23503
23507
23509
23510
23513
23522
23523
23524
23526
23528
23531
23534
23536
23538
23541
23542
23545
23547
23548
23550
23551
23552
23556
23560
23562
23565
23566
23567
23569
23575
23576
23579
23583
23586
23588
23591
23593
23594
23598
23602
23604
23605
23606
23607
23608
23612
23613
23617
23618
23621
23623
23624
23631
23636
23637
23638
23642
23643
23644
23645
23648
23649
23650
23655
23659
23660
23662
23663
23667
23669
23670
23671
23674
23675
23676
23680
23682
23686
23688
23693
23694
23695
23701
23707
23708
23714
23716
23718
23719
23720
23721
23722
23726
23727
23728
23731
23732
23735
23737
23738
23739
23740
23742
23745
23747
23750
23752
23756
23757
23758
23762
23764
23765
23767
23773
23775
23776
23778
23781
23783
23788
23790
23792
23801
23802
23807
23811
23812
23813
23814
23816
23819
23820
23821
23822
23823
23826
23830
23832
23833
23834
23835
23836
23840
23841
23842
23846
23851
23852
23854
23864
23865
23866
23868
23870
23876
23878
23887
23889
23890
23895
23897
23898
23903
23908
23909
23914
23916
23917
23921
23922
23927
23928
23929
23931
23933
23935
23936
23937
23940
23941
23943
23946
23952
23954
23955
23959
23960
23961
23962
23963
23965
23967
23968
23971
23973
23975
23978
23979
23980
23984
23987
23990
23992
23993
23994
23997
23998
24001
24003
24004
24005
24006
24007
24009
24011
24012
24016
24020
24022
24023
24024
24028
24030
24031
24036
24040
24041
24042
24047
24050
24054
24056
24058
24059
24060
24063
24066
24068
24073
24074
24077
24079
24081
24085
24086
24087
24092
24098
24099
24100
24104
24106
24107
24111
24112
24113
24115
24116
24117
24118
24123
24124
24125
24126
24127
24130
24134
24136
24137
24138
24139
24142
24144
24145
24149
24153
24155
24157
24158
24161
24163
24164
24165
24170
24174
24176
24182
24183
24185
24187
24188
24191
24195
24196
24201
24202
24206
24207
24208
24212
24213
24218
24219
24220
24225
24226
24227
24228
24229
24231
24232
24235
24244
24248
24249
24251
24256
24258
24259
24260
24261
24263
24265
24269
24270
24272
24275
24277
24278
24279
24282
24283
24288
24289
24290
24296
24297
24298
24301
24302
24303
24305
24306
24307
24308
24313
24314
24315
24316
24317
24318
24320
24322
24324
24327
24328
24329
24334
24335
24336
24343
24344
24345
24346
24347
24348
24349
24350
24351
24352
24353
24354
24358
24360
24361
24362
24365
24370
24372
24373
24374
24377
24381
24383
24384
24385
24386
24387
24391
24392
24393
24394
24396
24397
24400
24401
24402
24403
24408
24410
24412
24413
24415
24416
24417
24418
24419
24420
24421
24422
24423
24427
24429
24430
24434
24435
24439
24440
24442
24446
24448
24450
24453
24455
24459
24460
24461
24462
24465
24466
24468
24472
24474
24476
24478
24479
24480
24484
24486
24488
24491
24493
24495
24497
24500
24505
24510
24512
24513
24514
24516
24517
24520
24522
24523
24524
24525
24526
24533
24534
24535
24537
24538
24542
24543
24544
24545
24548
24549
24552
24554
24556
24560
24561
24562
24567
24569
24571
24573
24576
24579
24580
24581
24582
24583
24587
24588
24593
24594
24596
24598
24600
24602
24605
24606
24611
24612
24613
24619
24620
24621
24622
24624
24628
24629
24630
24631
24633
24636
24638
24639
24643
24644
24647
24649
24650
24651
24652
24653
24655
24656
24657
24658
24662
24663
24665
24670
24674
24675
24676
24678
24679
24681
24682
24683
24685
24687
24688
24691
24693
24695
24696
24700
24704
24706
24707
24708
24709
24711
24712
24713
24714
24715
24717
24719
24720
24723
24726
24727
24731
24733
24734
24735
24738
24744
24745
24746
24747
24750
24752
24757
24758
24759
24765
24766
24769
24770
24771
24772
24773
24776
24777
24783
24784
24788
24790
24792
24795
24796
24797
24801
24802
24803
24807
24809
24810
24811
24814
24815
24816
24818
24819
24820
24821
24822
24823
24824
24825
24826
24827
24828
24829
24830
24833
24834
24836
24839
24840
24842
24843
24847
24848
24852
24854
24858
24859
24860
24861
24864
24865
24866
24867
24868
24871
24872
24873
24875
24876
24877
24883
24890
24891
24892
24893
24894
24896
24897
24898
24901
24902
24904
24905
24906
24914
24915
24917
24918
24923
24924
24925
24926
24928
24929
24932
24934
24936
24937
24942
24947
24948
24949
24950
24951
24953
24954
24955
24957
24958
24959
24960
24961
24962
24963
24964
24966
24967
24968
24972
24973
24975
24978
24980
24982
24985
24989
24991
24993
24997
24998
24999
25000
25001
25004
25010
25011
25013
25014
25015
25016
25018
25020
25023
25027
25028
25029
25030
25032
25037
25038
25042
25043
25045
25048
25049
25050
25051
25052
25053
25054
25056
25057
25061
25062
25063
25065
25067
25068
25069
25073
25075
25076
25080
25081
25082
25085
25086
25087
25088
25089
25091
25094
25099
25101
25102
25103
25104
25105
25106
25107
25109
25113
25114
25115
25118
25119
25122
25124
25125
25126
25130
25131
25132
25133
25134
25137
25141
25143
25144
25145
25146
25147
25149
25150
25151
25152
25153
25156
25158
25162
25164
25175
25176
25177
25179
25181
25182
25184
25185
25187
25188
25189
25190
25194
25195
25196
25200
25201
25202
25206
25208
25209
25211
25213
25214
25215
25216
25217
25219
25220
25221
25228
25229
25234
25238
25239
25240
25242
25243
25244
25246
25247
25248
25249
25251
25256
25257
25258
25261
25263
25265
25266
25267
25268
25271
25274
25276
25277
25278
25282
25284
25285
25286
25289
25290
25291
25295
25296
25298
25299
25301
25303
25304
25306
25308
25309
25310
25312
25314
25315
25317
25318
25322
25327
25329
25331
25332
25333
25334
25335
25337
25341
25344
25346
25347
25352
25353
25355
25356
25358
25359
25360
25361
25363
25369
25371
25372
25373
25374
25375
25377
25378
25379
25385
25386
25388
25389
25390
25391
25392
25396
25398
25399
25400
25403
25405
25407
25408
25409
25410
25411
25412
25413
25414
25415
25416
25417
25419
25420
25422
25423
25428
25429
25430
25432
25434
25436
25437
25438
25441
25442
25443
25444
25445
25447
25449
25453
25455
25457
25460
25462
25464
25466
25467
25468
25469
25470
25472
25473
25474
25475
25479
25481
25483
25485
25486
25488
25489
25491
25493
25494
25498
25499
25501
25502
25504
25505
25507
25509
25510
25512
25513
25515
25517
25518
25519
25521
25522
25523
25525
25526
25527
25529
25530
25531
25532
25536
25537
25538
25540
25542
25543
25544
25545
25548
25549
25550
25551
25552
25555
25556
25557
25559
25560
25561
25562
25565
25568
25569
25570
25571
25574
25576
25578
25579
25580
25581
25582
25584
25586
25588
25589
25590
25591
25593
25595
25597
25599
25600
25601
25602
25603
25604
25605
25607
25609
25612
25613
25615
25618
25620
25621
25624
25626
25627
25629
25631
25632
25635
25637
25639
25640
25643
25644
25645
25646
25650
25653
25654
25655
25656
25657
25660
25662
25664
25666
25669
25675
25676
25677
25678
25679
25680
25681
25682
25683
25684
25685
25688
25689
25690
25692
25693
25694
25695
25696
25698
25700
25702
25703
25707
25708
25710
25711
25712
25713
25714
25716
25719
25720
25721
25722
25723
25726
25727
25728
25732
25733
25735
25736
25738
25739
25741
25745
25746
25747
25750
25751
25752
25754
25755
25757
25758
25759
25760
25764
25765
25767
25768
25769
25770
25771
25773
25776
25777
25778
25779
25781
25783
25784
25789
25791
25792
25795
25796
25797
25798
25802
25803
25806
25807
25808
25810
25811
25816
25817
25821
25822
25825
25826
25827
25828
25829
25830
25833
25835
25836
25837
25842
25843
25844
25845
25846
25847
25848
25849
25852
25853
25854
25856
25859
25860
25861
25862
25863
25864
25865
25866
25869
25873
25874
25879
25880
25882
25884
25885
25886
25887
25888
25890
25892
25893
25897
25901
25903
25905
25906
25909
25911
25913
25914
25916
25917
25918
25919
25920
25922
25923
25929
25930
25931
25935
25936
25938
25941
25942
25943
25946
25947
25949
25950
25951
25952
25954
25955
25956
25960
25961
25962
25963
25964
25966
25967
25968
25969
25971
25973
25974
25975
25977
25978
25979
25980
25981
25982
25985
25986
25987
25988
25989
25990
25992
25993
25994
25996
25997
25998
25999
26000
26003
26004
26005
26006
26011
26012
26015
26017
26018
26019
26021
26022
26023
26024
26025
26030
26031
26033
26035
26036
26037
26038
26039
26040
26042
26043
26044
26045
26046
26049
26050
26051
26052
26055
26056
26058
26059
26061
26063
26064
26065
26066
26068
26070
26071
26072
26073
26074
26075
26076
26078
26079
26080
26082
26083
26084
26087
26089
26091
26092
26093
26094
26095
26096
26097
26099
26101
26102
26106
26107
26108
26110
26111
26112
26113
26114
26117
26118
26120
26121
26122
26125
26126
26128
26129
26130
26131
26132
26134
26137
26139
26140
26141
26144
26145
26148
26150
26152
26153
26154
26156
26157
26158
26159
26160
26161
26163
26164
26165
26166
26167
26169
26170
26171
26173
26174
26175
26176
26177
26178
26182
26184
26186
26188
26189
26191
26192
26194
26195
26196
26197
26198
26201
26202
26204
26205
26206
26207
26208
26209
26213
26216
26217
26218
26220
26221
26222
26224
26225
26226
26227
26229
26230
26231
26232
26233
26234
26235
26239
26240
26241
26242
26243
26245
26246
26247
26249
26251
26252
26254
26258
26259
26260
26262
26265
26266
26270
26271
26272
26273
26277
26278
26281
26283
26284
26285
26286
26287
26289
26290
26291
26292
26293
26296
26297
26298
26300
26302
26303
26304
26306
26307
26308
26309
26310
26311
26312
26315
26316
26317
26318
26319
26321
26322
26324
26325
26329
26330
26331
26332
26334
26335
26336
26337
26340
26341
26343
26344
26346
26347
26348
26353
26357
26359
26360
26361
26362
26363
26364
26365
26367
26368
26372
26373
26374
26376
26378
26379
26380
26381
26383
26384
26385
26386
26387
26388
26391
26393
26394
26395
26396
26397
26398
26399
26401
26402
26403
26405
26406
26407
26410
26411
26412
26414
26415
26416
26417
26418
26420
26422
26423
26424
26425
26426
26427
26429
26430
26431
26433
26434
26435
26436
26437
26438
26439
26441
26442
26443
26448
26449
26450
26451
26452
26453
26454
26455
26456
26458
26460
26462
26463
26467
26468
26469
26471
26473
26475
26476
26479
26481
26483
26486
26487
26488
26490
26492
26493
26494
26495
26496
26498
26499
26500
26505
26506
26507
26509
26511
26512
26513
26514
26517
26519
26521
26522
26524
26525
26528
26529
26530
26531
26532
26536
26538
26539
26540
26541
26543
26544
26546
26547
26548
26549
26550
26551
26555
26556
26557
26558
26559
26560
26562
26563
26564
26565
26566
26568
26569
26570
26572
26573
26574
26575
26576
26577
26578
26579
26581
26582
26583
26585
26587
26588
26589
26590
26593
26594
26595
26596
26598
26600
26602
26604
26605
26606
26607
26608
26609
26612
26613
26614
26615
26617
26619
26620
26621
26622
26623
26624
26625
26626
26627
26628
26629
26630
26631
26633
26635
26636
26638
26639
26640
26641
26642
26643
26644
26645
26646
26647
26649
26650
26651
26652
26653
26654
26655
26657
26658
26661
26662
26664
26665
26666
26669
26670
26671
26672
26673
26674
26676
26677
26678
26679
26680
26682
26683
26684
26685
26686
26687
26688
26690
26692
26696
26697
26700
26701
26702
26703
26704
26705
26706
26707
26708
26709
26710
26714
26715
26716
26717
26718
26720
26721
26722
26725
26726
26728
26729
26731
26733
26734
26735
26737
26738
26739
26740
26742
26743
26744
26745
26746
26747
26748
26749
26750
26752
26753
26754
26756
26757
26758
26759
26761
26762
26765
26766
26767
26768
26769
26771
26772
26773
26774
26775
26776
26777
26780
26781
26783
26784
26785
26786
26787
26790
26791
26792
26793
26794
26795
26796
26797
26799
26802
26804
26805
26806
26807
26809
26810
26811
26813
26814
26815
26816
26817
26818
26819
26820
26821
26822
26823
26824
26825
26826
26828
26829
26830
26831
26832
26834
26835
26836
26837
26838
26840
26841
26842
26843
26844
26847
26848
26849
26851
26852
26853
26854
26855
26857
26858
26859
26860
26861
26862
26863
26864
26866
26867
26868
26869
26870
26872
26873
26874
26875
26877
26880
26881
26882
26883
26885
26886
26888
26891
26892
26893
26894
26895
26896
26897
26898
26899
26900
26902
26904
26905
26906
26907
26908
26910
26911
26912
26913
26914
26916
26917
26918
26919
26920
26923
26924
26925
26926
26928
26929
26930
26932
26933
26935
26942
26943
26944
26947
26948
26949
26950
26951
26952
26953
26954
26956
26957
26958
26959
26961
26964
26965
26966
26967
26968
26969
26970
26971
26972
26973
26975
26976
26977
26978
26980
26981
26982
26984
26985
26986
26987
26988
26989
26990
26992
26993
26994
26995
26996
26999
27003
27004
27005
27006
27008
27009
27010
27011
27013
27014
27015
27018
27019
27021
27022
27023
27024
27025
27026
27027
27028
27030
27031
27032
27033
27034
27035
27037
27038
27039
27040
27041
27042
27043
27044
27046
27047
27049
27050
27051
27053
27054
27056
27057
27058
27060
27061
27062
27063
27065
27066
27068
27070
27072
27073
27079
27081
27082
27084
27085
27087
27088
27089
27090
27091
27094
27095
27096
27098
27100
27101
27104
27106
27108
27109
27110
27111
27113
27114
27116
27117
27118
27119
27120
27121
27122
27123
27125
27126
27127
27128
27129
27130
27132
27133
27134
27135
27136
27137
27138
27139
27140
27141
27144
27145
27146
27147
27148
27149
27151
27152
27153
27154
27155
27157
27158
27159
27160
27162
27163
27164
27165
27166
27170
27171
27172
27173
27174
27176
27177
27179
27180
27182
27183
27184
27185
27189
27190
27191
27192
27193
27194
27195
27196
27197
27198
27201
27202
27203
27204
27205
27206
27208
27209
27210
27213
27214
27215
27216
27217
27218
27219
27220
27221
27222
27223
27224
27228
27231
27233
27234
27235
27236
27239
27241
27242
27243
27244
27246
27247
27249
27250
27251
27252
27253
27254
27255
27256
27257
27258
27260
27261
27262
27263
27265
27266
27268
27269
27270
27271
27272
27273
27275
27276
27277
27279
27280
27281
27284
27285
27286
27287
27288
27289
27290
27291
27292
27293
27294
27296
27297
27298
27299
27300
27303
27304
27305
27306
27307
27309
27310
27311
27312
27313
27314
27315
27317
27318
27319
27320
27322
27323
27324
27325
27326
27327
27328
27330
27331
27332
27333
27334
27335
27336
27337
27338
27339
27341
27342
27344
27345
27346
27347
27348
27349
27353
27355
27356
27357
27358
27360
27361
27362
27363
27364
27365
27366
27367
27372
27373
27374
27375
27376
27377
27379
27380
27381
27383
27385
27387
27389
27391
27393
27394
27396
27398
27399
27400
27402
27403
27404
27405
27407
27408
27409
27410
27411
27412
27413
27414
27415
27418
27421
27422
27423
27424
27425
27426
27427
27428
27429
27431
27432
27436
27437
27438
27439
27440
27441
27442
27443
27444
27445
27446
27448
27450
27451
27452
27453
27455
27458
27459
27460
27461
27462
27463
27464
27465
27466
27467
27468
27469
27470
27471
27472
27474
27476
27477
27478
27479
27480
27481
27482
27483
27484
27486
27487
27488
27489
27490
27491
27493
27494
27495
27496
27497
27498
27499
27500
27501
27502
27503
27504
27505
27506
27507
27509
27510
27512
27513
27514
27516
27517
27518
27519
27520
27521
27522
27524
27526
27527
27529
27531
27532
27533
27534
27535
27536
27537
27538
27539
27541
27542
27543
27545
27546
27547
27548
27550
27551
27552
27553
27555
27556
27557
27558
27560
27561
27562
27564
27565
27566
27567
27569
27570
27571
27573
27574
27575
27576
27579
27580
27581
27582
27583
27584
27585
27586
27588
27589
27590
27592
27593
27594
27595
27596
27597
27598
27600
27602
27603
27604
27607
27608
27609
27610
27611
27612
27613
27614
27615
27616
27617
27618
27619
27621
27622
27623
27626
27629
27630
27631
27632
27633
27635
27638
27639
27640
27642
27645
27646
27647
27648
27649
27650
27651
27652
27653
27654
27655
27657
27659
27661
27662
27664
27665
27667
27668
27669
27670
27671
27672
27674
27675
27676
27677
27678
27679
27680
27683
27684
27686
27687
27688
27689
27690
27691
27692
27693
27694
27695
27696
27697
27698
27699
27700
27702
27703
27706
27708
27709
27710
27711
27713
27714
27715
27716
27717
27718
27721
27722
27723
27725
27726
27727
27728
27729
27730
27731
27732
27733
27735
27736
27737
27738
27740
27741
27742
27743
27744
27745
27746
27749
27750
27751
27752
27753
27754
27755
27756
27757
27759
27761
27762
27763
27764
27765
27766
27768
27769
27770
27771
27773
27774
27775
27776
27778
27779
27780
27782
27783
27784
27785
27786
27787
27788
27789
27790
27792
27793
27795
27797
27798
27800
27801
27803
27804
27805
27806
27807
27808
27809
27810
27811
27812
27813
27814
27816
27818
27819
27820
27821
27822
27823
27824
27825
27827
27828
27829
27830
27831
27832
27835
27836
27837
27838
27839
27840
27841
27842
27843
27845
27847
27848
27849
27850
27851
27852
27854
27855
27856
27858
27860
27861
27863
27864
27865
27866
27867
27868
27869
27870
27873
27874
27875
27876
27877
27878
27879
27880
27882
27885
27886
27887
27888
27889
27892
27893
27894
27895
27896
27898
27899
27900
27902
27903
27904
27905
27906
27907
27908
27909
27911
27912
27913
27914
27915
27916
27917
27918
27919
27920
27921
27922
27923
27925
27926
27927
27928
27930
27931
27932
27933
27934
27935
27936
27938
27939
27940
27941
27942
27943
27944
27945
27946
27947
27949
27953
27954
27955
27956
27958
27960
27961
27962
27963
27964
27965
27966
27968
27969
27970
27972
27973
27974
27975
27977
27978
27979
27980
27981
27982
27983
27984
27987
27988
27990
27991
27992
27993
27995
27996
27997
27998
28000
28001
28002
28003
28004
28006
28007
28008
28009
28010
28011
28012
28013
28014
28015
28016
28018
28019
28020
28021
28022
28025
28026
28027
28028
28029
28030
28031
28032
28033
28034
28035
28036
28037
28038
28039
28040
28041
28042
28044
28046
28047
28048
28049
28050
28051
28052
28053
28054
28056
28057
28058
28059
28060
28063
28065
28066
28067
28068
28069
28070
28071
28072
28073
28074
28075
28076
28077
28078
28079
28080
28082
28083
28085
28088
28089
28090
28091
28093
28094
28095
28096
28097
28098
28099
28101
28102
28104
28105
28106
28107
28108
28110
28111
28112
28113
28114
28115
28116
28117
28118
28120
28121
28122
28123
28124
28125
28126
28127
28128
28129
28130
28131
28132
28133
28134
28135
28136
28137
28139
28141
28142
28143
28144
28145
28146
28147
28148
28149
28151
28152
28153
28154
28155
28156
28158
28159
28160
28161
28162
28164
28165
28166
28167
28168
28170
28171
28172
28173
28174
28175
28177
28178
28179
28180
28181
28182
28183
28184
28185
28186
28187
28188
28189
28190
28191
28193
28194
28196
28197
28198
28199
28201
28202
28203
28204
28205
28206
28207
28208
28209
28210
28211
28212
28213
28215
28216
28217
28219
28220
28221
28222
28223
28224
28225
28226
28227
28228
28229
28230
28231
28234
28235
28236
28237
28238
28239
28240
28241
28242
28243
28244
28245
28246
28247
28248
28249
28250
28251
28254
28255
28257
28258
28259
28260
28261
28262
28263
28264
28265
28266
28267
28268
28269
28270
28272
28273
28274
28275
28276
28277
28278
28279
28280
28281
28282
28283
28284
28285
28286
28287
28288
28289
28291
28292
28293
28294
28295
28296
28297
28298
28299
28300
28301
28302
28303
28305
28306
28307
28308
28310
28312
28313
28314
28316
28317
28318
28319
28320
28321
28322
28323
28324
28325
28327
28329
28330
28331
28332
28333
28334
28335
28336
28337
28338
28339
28340
28341
28342
28343
28344
28345
28346
28348
28349
28350
28351
28352
28353
28354
28355
28356
28357
28358
28359
28361
28362
28363
28364
28365
28367
28368
28369
28370
28371
28372
28373
28374
28375
28376
28377
28378
28379
28380
28381
28382
28383
28384
28386
28387
28388
28391
28392
28393
28394
28395
28396
28397
28398
28399
28400
28402
28403
28405
28406
28407
28408
28409
28410
28411
28412
28413
28414
28415
28416
28417
28418
28419
28420
28421
28422
28424
28425
28427
28428
28429
28430
28431
28432
28433
28434
28435
28436
28437
28438
28439
28440
28441
28443
28444
28445
28446
28447
28448
28449
28450
28452
28453
28454
28455
28456
28457
28458
28459
28460
28462
28464
28465
28466
28467
28468
28469
28470
28471
28472
28473
28474
28475
28476
28477
28478
28479
28481
28482
28483
28484
28485
28486
28487
28488
28489
28490
28491
28492
28493
28494
28495
28496
28497
28498
2
4025 0 0
0 0 0
38348
38356
38399
38403
38513
38741
38745
38772
38774
38791
38793
38836
38837
38907
38908
39046
39049
39057
39060
39091
39097
39114
39163
39166
39171
39190
39193
39197
39235
39240
39254
39258
39260
39262
39273
39274
39287
39288
39304
39330
39334
39337
39342
39344
39368
39382
39394
39414
39429
39445
39452
39458
39483
39486
39490
39507
39508
39510
39513
39515
39517
39532
39534
39558
39565
39572
39581
39583
39585
39602
39640
39657
39665
39667
39678
39679
39681
39682
39686
39699
39703
39706
39710
39711
39716
39743
39771
39773
39794
39824
39830
39832
39855
39857
39858
39859
39870
39877
39881
39885
39908
39912
39915
39919
39925
39933
39944
39950
39952
39957
39959
39961
39969
39976
40001
40002
40007
40009
40014
40026
40028
40033
40037
40039
40047
40053
40059
40071
40072
40077
40078
40086
40090
40091
40096
40097
40102
40104
40110
40113
40114
40115
40121
40123
40124
40126
40159
40161
40162
40166
40172
40191
40192
40199
40200
40204
40208
40210
40211
40212
40223
40224
40227
40229
40230
40231
40235
40237
40242
40244
40246
40248
40261
40265
40267
40273
40276
40280
40282
40292
40305
40319
40322
40324
40332
40337
40341
40345
40360
40361
40381
40382
40394
40395
40396
40401
40402
40413
40414
40419
40420
40421
40423
40425
40427
40428
40432
40433
40438
40444
40446
40447
40451
40452
40455
40457
40459
40465
40466
40467
40470
40476
40477
40484
40489
40490
40493
40495
40503
40504
40505
40512
40514
40520
40521
40522
40523
40527
40533
40534
40535
40539
40541
40546
40552
40553
40555
40558
40561
40565
40567
40571
40577
40588
40590
40603
40604
40607
40609
40610
40611
40612
40622
40624
40627
40636
40641
40647
40648
40666
40669
40674
40679
40680
40685
40686
40693
40699
40700
40723
40729
40732
40736
40743
40744
40746
40750
40751
40762
40774
40780
40782
40783
40788
40789
40797
40799
40801
40802
40820
40824
40833
40837
40838
40843
40845
40854
40856
40858
40862
40864
40875
40876
40884
40892
40893
40894
40902
40907
40911
40913
40914
40917
40922
40930
40932
40938
40940
40949
40951
40953
40960
40970
40978
40980
40983
40984
40987
40989
40995
40997
41002
41003
41014
41015
41016
41018
41021
41025
41029
41033
41034
41035
41036
41041
41044
41046
41048
41052
41054
41056
41062
41065
41068
41073
41075
41078
41082
41084
41085
41086
41087
41092
41093
41094
41097
41103
41104
41105
41111
41112
41113
41116
41123
41128
41130
41135
41141
41142
41143
41147
41154
41155
41158
41160
41162
41169
41174
41187
41192
41194
41198
41204
41211
41212
41215
41216
41217
41223
41225
41226
41227
41230
41236
41244
41249
41250
41254
41255
41257
41258
41261
41264
41272
41275
41288
41291
41292
41301
41310
41318
41320
41321
41325
41328
41331
41337
41344
41348
41352
41353
41356
41358
41359
41360
41367
41369
41370
41371
41375
41382
41384
41388
41396
41401
41405
41407
41408
41413
41415
41416
41420
41424
41426
41427
41434
41439
41440
41443
41445
41446
41447
41451
41453
41458
41462
41463
41464
41482
41483
41484
41491
41492
41496
41508
41515
41516
41517
41521
41524
41529
41538
41540
41541
41542
41548
41549
41553
41559
41560
41561
41565
41566
41578
41586
41587
41591
41593
41598
41605
41610
41611
41612
41616
41617
41619
41622
41624
41629
41630
41631
41635
41637
41641
41645
41650
41653
41655
41657
41662
41663
41664
41668
41669
41671
41674
41681
41682
41683
41687
41690
41692
41693
41694
41697
41701
41724
41725
41729
41730
41731
41733
41736
41738
41743
41744
41747
41749
41750
41755
41758
41759
41762
41766
41768
41770
41776
41781
41783
41787
41788
41789
41793
41795
41796
41800
41801
41803
41804
41806
41812
41814
41815
41823
41825
41826
41831
41832
41834
41838
41839
41840
41841
41842
41844
41845
41850
41851
41852
41853
41855
41857
41858
41861
41862
41863
41864
41866
41867
41869
41870
41871
41872
41876
41880
41883
41884
41888
41895
41896
41901
41903
41909
41914
41920
41921
41922
41926
41933
41934
41937
41939
41941
41945
41947
41948
41950
41952
41956
41966
41968
41972
41975
41977
41978
41979
41980
41981
41982
41983
41984
41985
41996
42004
42005
42009
42010
42013
42014
42015
42025
42028
42029
42034
42035
42036
42037
42038
42047
42053
42054
42059
42060
42062
42066
42068
42072
42078
42080
42085
42089
42091
42092
42093
42094
42097
42099
42100
42104
42108
42110
42116
42123
42125
42128
42130
42137
42138
42139
42142
42146
42148
42151
42154
42156
42158
42165
42167
42168
42169
42184
42186
42189
42195
42199
42201
42203
42211
42212
42213
42215
42222
42224
42232
42234
42237
42238
42241
42243
42244
42245
42246
42249
42256
42257
42258
42259
42262
42263
42264
42268
42269
42270
42271
42272
42276
42279
42280
42281
42287
42290
42294
42300
42303
42313
42325
42326
42332
42336
42337
42338
42341
42342
42344
42345
42346
42347
42352
42357
42358
42361
42363
42365
42370
42374
42376
42377
42378
42385
42389
42390
42393
42394
42395
42397
42401
42403
42404
42405
42408
42414
42415
42418
42427
42428
42431
42432
42433
42434
42435
42436
42439
42441
42443
42446
42448
42451
42452
42453
42454
42455
42456
42460
42465
42467
42469
42470
42471
42472
42479
42484
42487
42488
42490
42491
42492
42493
42495
42503
42507
42509
42510
42513
42522
42523
42524
42526
42528
42531
42534
42536
42538
42541
42542
42545
42547
42548
42550
42551
42552
42556
42560
42562
42565
42566
42567
42569
42575
42576
42579
42583
42586
42588
42591
42593
42594
42598
42602
42604
42605
42606
42607
42608
42612
42613
42617
42618
42621
42623
42624
42631
42636
42637
42638
42642
42643
42644
42645
42648
42649
42650
42655
42659
42660
42662
42663
42667
42669
42670
42671
42674
42675
42676
42680
42682
42686
42688
42693
42694
42695
42701
42707
42708
42714
42716
42718
42719
42720
42721
42722
42726
42727
42728
42731
42732
42735
42737
42738
42739
42740
42742
42745
42747
42750
42752
42756
42757
42758
42762
42764
42765
42767
42773
42775
42776
42778
42781
42783
42788
42790
42792
42801
42802
42807
42811
42812
42813
42814
42816
42819
42820
42821
42822
42823
42826
42830
42832
42833
42834
42835
42836
42840
42841
42842
42846
42851
42852
42854
42864
42865
42866
42868
42870
42876
42878
42887
42889
42890
42895
42897
42898
42903
42908
42909
42914
42916
42917
42921
42922
42927
42928
42929
42931
42933
42935
42936
42937
42940
42941
42943
42946
42952
42954
42955
42959
42960
42961
42962
42963
42965
42967
42968
42971
42973
42975
42978
42979
42980
42984
42987
42990
42992
42993
42994
42997
42998
43001
43003
43004
43005
43006
43007
43009
43011
43012
43016
43020
43022
43023
43024
43028
43030
43031
43036
43040
43041
43042
43047
43050
43054
43056
43058
43059
43060
43063
43066
43068
43073
43074
43077
43079
43081
43085
43086
43087
43092
43098
43099
43100
43104
43106
43107
43111
43112
43113
43115
43116
43117
43118
43123
43124
43125
43126
43127
43130
43134
43136
43137
43138
43139
43142
43144
43145
43149
43153
43155
43157
43158
43161
43163
43164
43165
43170
43174
43176
43182
43183
43185
43187
43188
43191
43195
43196
43201
43202
43206
43207
43208
43212
43213
43218
43219
43220
43225
43226
43227
43228
43229
43231
43232
43235
43244
43248
43249
43251
43256
43258
43259
43260
43261
43263
43265
43269
43270
43272
43275
43277
43278
43279
43282
43283
43288
43289
43290
43296
43297
43298
43301
43302
43303
43305
43306
43307
43308
43313
43314
43315
43316
43317
43318
43320
43322
43324
43327
43328
43329
43334
43335
43336
43343
43344
43345
43346
43347
43348
43349
43350
43351
43352
43353
43354
43358
43360
43361
43362
43365
43370
43372
43373
43374
43377
43381
43383
43384
43385
43386
43387
43391
43392
43393
43394
43396
43397
43400
43401
43402
43403
43408
43410
43412
43413
43415
43416
43417
43418
43419
43420
43421
43422
43423
43427
43429
43430
43434
43435
43439
43440
43442
43446
43448
43450
43453
43455
43459
43460
43461
43462
43465
43466
43468
43472
43474
43476
43478
43479
43480
43484
43486
43488
43491
43493
43495
43497
43500
43505
43510
43512
43513
43514
43516
43517
43520
43522
43523
43524
43525
43526
43533
43534
43535
43537
43538
43542
43543
43544
43545
43548
43549
43552
43554
43556
43560
43561
43562
43567
43569
43571
43573
43576
43579
43580
43581
43582
43583
43587
43588
43593
43594
43596
43598
43600
43602
43605
43606
43611
43612
43613
43619
43620
43621
43622
43624
43628
43629
43630
43631
43633
43636
43638
43639
43643
43644
43647
43649
43650
43651
43652
43653
43655
43656
43657
43658
43662
43663
43665
43670
43674
43675
43676
43678
43679
43681
43682
43683
43685
43687
43688
43691
43693
43695
43696
43700
43704
43706
43707
43708
43709
43711
43712
43713
43714
43715
43717
43719
43720
43723
43726
43727
43731
43733
43734
43735
43738
43744
43745
43746
43747
43750
43752
43757
43758
43759
43765
43766
43769
43770
43771
43772
43773
43776
43777
43783
43784
43788
43790
43792
43795
43796
43797
43801
43802
43803
43807
43809
43810
43811
43814
43815
43816
43818
43819
43820
43821
43822
43823
43824
43825
43826
43827
43828
43829
43830
43833
43834
43836
43839
43840
43842
43843
43847
43848
43852
43854
43858
43859
43860
43861
43864
43865
43866
43867
43868
43871
43872
43873
43875
43876
43877
43883
43890
43891
43892
43893
43894
43896
43897
43898
43901
43902
43904
43905
43906
43914
43915
43917
43918
43923
43924
43925
43926
43928
43929
43932
43934
43936
43937
43942
43947
43948
43949
43950
43951
43953
43954
43955
43957
43958
43959
43960
43961
43962
43963
43964
43966
43967
43968
43972
43973
43975
43978
43980
43982
43985
43989
43991
43993
43997
43998
43999
44000
44001
44004
44010
44011
44013
44014
44015
44016
44018
44020
44023
44027
44028
44029
44030
44032
44037
44038
44042
44043
44045
44048
44049
44050
44051
44052
44053
44054
44056
44057
44061
44062
44063
44065
44067
44068
44069
44073
44075
44076
44080
44081
44082
44085
44086
44087
44088
44089
44091
44094
44099
44101
44102
44103
44104
44105
44106
44107
44109
44113
44114
44115
44118
44119
44122
44124
44125
44126
44130
44131
44132
44133
44134
44137
44141
44143
44144
44145
44146
44147
44149
44150
44151
44152
44153
44156
44158
44162
44164
44175
44176
44177
44179
44181
44182
44184
44185
44187
44188
44189
44190
44194
44195
44196
44200
44201
44202
44206
44208
44209
44211
44213
44214
44215
44216
44217
44219
44220
44221
44228
44229
44234
44238
44239
44240
44242
44243
44244
44246
44247
44248
44249
44251
44256
44257
44258
44261
44263
44265
44266
44267
44268
44271
44274
44276
44277
44278
44282
44284
44285
44286
44289
44290
44291
44295
44296
44298
44299
44301
44303
44304
44306
44308
44309
44310
44312
44314
44315
44317
44318
44322
44327
44329
44331
44332
44333
44334
44335
44337
44341
44344
44346
44347
44352
44353
44355
44356
44358
44359
44360
44361
44363
44369
44371
44372
44373
44374
44375
44377
44378
44379
44385
44386
44388
44389
44390
44391
44392
44396
44398
44399
44400
44403
44405
44407
44408
44409
44410
44411
44412
44413
44414
44415
44416
44417
44419
44420
44422
44423
44428
44429
44430
44432
44434
44436
44437
44438
44441
44442
44443
44444
44445
44447
44449
44453
44455
44457
44460
44462
44464
44466
44467
44468
44469
44470
44472
44473
44474
44475
44479
44481
44483
44485
44486
44488
44489
44491
44493
44494
44498
44499
44501
44502
44504
44505
44507
44509
44510
44512
44513
44515
44517
44518
44519
44521
44522
44523
44525
44526
44527
44529
44530
44531
44532
44536
44537
44538
44540
44542
44543
44544
44545
44548
44549
44550
44551
44552
44555
44556
44557
44559
44560
44561
44562
44565
44568
44569
44570
44571
44574
44576
44578
44579
44580
44581
44582
44584
44586
44588
44589
44590
44591
44593
44595
44597
44599
44600
44601
44602
44603
44604
44605
44607
44609
44612
44613
44615
44618
44620
44621
44624
44626
44627
44629
44631
44632
44635
44637
44639
44640
44643
44644
44645
44646
44650
44653
44654
44655
44656
44657
44660
44662
44664
44666
44669
44675
44676
44677
44678
44679
44680
44681
44682
44683
44684
44685
44688
44689
44690
44692
44693
44694
44695
44696
44698
44700
44702
44703
44707
44708
44710
44711
44712
44713
44714
44716
44719
44720
44721
44722
44723
44726
44727
44728
44732
44733
44735
44736
44738
44739
44741
44745
44746
44747
44750
44751
44752
44754
44755
44757
44758
44759
44760
44764
44765
44767
44768
44769
44770
44771
44773
44776
44777
44778
44779
44781
44783
44784
44789
44791
44792
44795
44796
44797
44798
44802
44803
44806
44807
44808
44810
44811
44816
44817
44821
44822
44825
44826
44827
44828
44829
44830
44833
44835
44836
44837
44842
44843
44844
44845
44846
44847
44848
44849
44852
44853
44854
44856
44859
44860
44861
44862
44863
44864
44865
44866
44869
44873
44874
44879
44880
44882
44884
44885
44886
44887
44888
44890
44892
44893
44897
44901
44903
44905
44906
44909
44911
44913
44914
44916
44917
44918
44919
44920
44922
44923
44929
44930
44931
44935
44936
44938
44941
44942
44943
44946
44947
44949
44950
44951
44952
44954
44955
44956
44960
44961
44962
44963
44964
44966
44967
44968
44969
44971
44973
44974
44975
44977
44978
44979
44980
44981
44982
44985
44986
44987
44988
44989
44990
44992
44993
44994
44996
44997
44998
44999
45000
45003
45004
45005
45006
45011
45012
45015
45017
45018
45019
45021
45022
45023
45024
45025
45030
45031
45033
45035
45036
45037
45038
45039
45040
45042
45043
45044
45045
45046
45049
45050
45051
45052
45055
45056
45058
45059
45061
45063
45064
45065
45066
45068
45070
45071
45072
45073
45074
45075
45076
45078
45079
45080
45082
45083
45084
45087
45089
45091
45092
45093
45094
45095
45096
45097
45099
45101
45102
45106
45107
45108
45110
45111
45112
45113
45114
45117
45118
45120
45121
45122
45125
45126
45128
45129
45130
45131
45132
45134
45137
45139
45140
45141
45144
45145
45148
45150
45152
45153
45154
45156
45157
45158
45159
45160
45161
45163
45164
45165
45166
45167
45169
45170
45171
45173
45174
45175
45176
45177
45178
45182
45184
45186
45188
45189
45191
45192
45194
45195
45196
45197
45198
45201
45202
45204
45205
45206
45207
45208
45209
45213
45216
45217
45218
45220
45221
45222
45224
45225
45226
45227
45229
45230
45231
45232
45233
45234
45235
45239
45240
45241
45242
45243
45245
45246
45247
45249
45251
45252
45254
45258
45259
45260
45262
45265
45266
45270
45271
45272
45273
45277
45278
45281
45283
45284
45285
45286
45287
45289
45290
45291
45292
45293
45296
45297
45298
45300
45302
45303
45304
45306
45307
45308
45309
45310
45311
45312
45315
45316
45317
45318
45319
45321
45322
45324
45325
45329
45330
45331
45332
45334
45335
45336
45337
45340
45341
45343
45344
45346
45347
45348
45353
45357
45359
45360
45361
45362
45363
45364
45365
45367
45368
45372
45373
45374
45376
45378
45379
45380
45381
45383
45384
45385
45386
45387
45388
45391
45393
45394
45395
45396
45397
45398
45399
45401
45402
45403
45405
45406
45407
45410
45411
45412
45414
45415
45416
45417
45418
45420
45422
45423
45424
45425
45426
45427
45429
45430
45431
45433
45434
45435
45436
45437
45438
45439
45441
45442
45443
45448
45449
45450
45451
45452
45453
45454
45455
45456
45458
45460
45462
45463
45467
45468
45469
45471
45473
45475
45476
45479
45481
45483
45486
45487
45488
45490
45492
45493
45494
45495
45496
45498
45499
45500
45505
45506
45507
45509
45511
45512
45513
45514
45517
45519
45521
45522
45524
45525
45528
45529
45530
45531
45532
45536
45538
45539
45540
45541
45543
45544
45546
45547
45548
45549
45550
45551
45555
45556
45557
45558
45559
45560
45562
45563
45564
45565
45566
45568
45569
45570
45572
45573
45574
45575
45576
45577
45578
45579
45581
45582
45583
45585
45587
45588
45589
45590
45593
45594
45595
45596
45598
45600
45602
45604
45605
45606
45607
45608
45609
45612
45613
45614
45615
45617
45619
45620
45621
45622
45623
45624
45625
45626
45627
45628
45629
45630
45631
45633
45635
45636
45638
45639
45640
45641
45642
45643
45644
45645
45646
45647
45649
45650
45651
45652
45653
45654
45655
45657
45658
45661
45662
45664
45665
45666
45669
45670
45671
45672
45673
45674
45676
45677
45678
45679
45680
45682
45683
45684
45685
45686
45687
45688
45690
45692
45696
45697
45700
45701
45702
45703
45704
45705
45706
45707
45708
45709
45710
45714
45715
45716
45717
45718
45720
45721
45722
45725
45726
45728
45729
45731
45733
45734
45735
45737
45738
45739
45740
45742
45743
45744
45745
45746
45747
45748
45749
45750
45752
45753
45754
45756
45757
45758
45759
45761
45762
45765
45766
45767
45768
45769
45771
45772
45773
45774
45775
45776
45777
45780
45781
45783
45784
45785
45786
45787
45790
45791
45792
45793
45794
45795
45796
45797
45799
45802
45804
45805
45806
45807
45809
45810
45811
45813
45814
45815
45816
45817
45818
45819
45820
45821
45822
45823
45824
45825
45826
45828
45829
45830
45831
45832
45834
45835
45836
45837
45838
45840
45841
45842
45843
45844
45847
45848
45849
45851
45852
45853
45854
45855
45857
45858
45859
45860
45861
45862
45863
45864
45866
45867
45868
45869
45870
45872
45873
45874
45875
45877
45880
45881
45882
45883
45885
45886
45888
45891
45892
45893
45894
45895
45896
45897
45898
45899
45900
45902
45904
45905
45906
45907
45908
45910
45911
45912
45913
45914
45916
45917
45918
45919
45920
45923
45924
45925
45926
45928
45929
45930
45932
45933
45935
45942
45943
45944
45947
45948
45949
45950
45951
45952
45953
45954
45956
45957
45958
45959
45961
45964
45965
45966
45967
45968
45969
45970
45971
45972
45973
45975
45976
45977
45978
45980
45981
45982
45984
45985
45986
45987
45988
45989
45990
45992
45993
45994
45995
45996
45999
46003
46004
46005
46006
46008
46009
46010
46011
46013
46014
46015
46018
46019
46021
46022
46023
46024
46025
46026
46027
46028
46030
46031
46032
46033
46034
46035
46037
46038
46039
46040
46041
46042
46043
46044
46046
46047
46049
46050
46051
46053
46054
46056
46057
46058
46060
46061
46062
46063
46065
46066
46068
46070
46072
46073
46079
46081
46082
46084
46085
46087
46088
46089
46090
46091
46094
46095
46096
46098
46100
46101
46104
46106
46108
46109
46110
46111
46113
46114
46116
46117
46118
46119
46120
46121
46122
46123
46125
46126
46127
46128
46129
46130
46132
46133
46134
46135
46136
46137
46138
46139
46140
46141
46144
46145
46146
46147
46148
46149
46151
46152
46153
46154
46155
46157
46158
46159
46160
46162
46163
46164
46165
46166
46170
46171
46172
46173
46174
46176
46177
46179
46180
46182
46183
46184
46185
46189
46190
46191
46192
46193
46194
46195
46196
46197
46198
46201
46202
46203
46204
46205
46206
46208
46209
46210
46213
46214
46215
46216
46217
46218
46219
46220
46221
46222
46223
46224
46228
46231
46233
46234
46235
46236
46239
46241
46242
46243
46244
46246
46247
46249
46250
46251
46252
46253
46254
46255
46256
46257
46258
46260
46261
46262
46263
46265
46266
46268
46269
46270
46271
46272
46273
46275
46276
46277
46279
46280
46281
46284
46285
46286
46287
46288
46289
46290
46291
46292
46293
46294
46296
46297
46298
46299
46300
46303
46304
46305
46306
46307
46309
46310
46311
46312
46313
46314
46315
46317
46318
46319
46320
46322
46323
46324
46325
46326
46327
46328
46330
46331
46332
46333
46334
46335
46336
46337
46338
46339
46341
46342
46344
46345
46346
46347
46348
46349
46353
46355
46356
46357
46358
46360
46361
46362
46363
46364
46365
46366
46367
46372
46373
46374
46375
46376
46377
46379
46380
46381
46383
46385
46387
46389
46391
46393
46394
46396
46398
46399
46400
46402
46403
46404
46405
46407
46408
46409
46410
46411
46412
46413
46414
46415
46418
46421
46422
46423
46424
46425
46426
46427
46428
46429
46431
46432
46436
46437
46438
46439
46440
46441
46442
46443
46444
46445
46446
46448
46450
46451
46452
46453
46455
46458
46459
46460
46461
46462
46463
46464
46465
46466
46467
46468
46469
46470
46471
46472
46474
46476
46477
46478
46479
46480
46481
46482
46483
46484
46486
46487
46488
46489
46490
46491
46493
46494
46495
46496
46497
46498
46499
46500
46501
46502
46503
46504
46505
46506
46507
46509
46510
46512
46513
46514
46516
46517
46518
46519
46520
46521
46522
46524
46526
46527
46529
46531
46532
46533
46534
46535
46536
46537
46538
46539
46541
46542
46543
46545
46546
46547
46548
46550
46551
46552
46553
46555
46556
46557
46558
46560
46561
46562
46564
46565
46566
46567
46569
46570
46571
46573
46574
46575
46576
46579
46580
46581
46582
46583
46584
46585
46586
46588
46589
46590
46592
46593
46594
46595
46596
46597
46598
46600
46602
46603
46604
46607
46608
46609
46610
46611
46612
46613
46614
46615
46616
46617
46618
46619
46621
46622
46623
46626
46629
46630
46631
46632
46633
46635
46638
46639
46640
46642
46645
46646
46647
46648
46649
46650
46651
46652
46653
46654
46655
46657
46659
46661
46662
46664
46665
46667
46668
46669
46670
46671
46672
46674
46675
46676
46677
46678
46679
46680
46683
46684
46686
46687
46688
46689
46690
46691
46692
46693
46694
46695
46696
46697
46698
46699
46700
46702
46703
46706
46708
46709
46710
46711
46713
46714
46715
46716
46717
46718
46721
46722
46723
46725
46726
46727
46728
46729
46730
46731
46732
46733
46735
46736
46737
46738
46740
46741
46742
46743
46744
46745
46746
46749
46750
46751
46752
46753
46754
46755
46756
46757
46759
46761
46762
46763
46764
46765
46766
46768
46769
46770
46771
46773
46774
46775
46776
46778
46779
46780
46782
46783
46784
46785
46786
46787
46788
46789
46790
46792
46793
46795
46797
46798
46800
46801
46803
46804
46805
46806
46807
46808
46809
46810
46811
46812
46813
46814
46816
46818
46819
46820
46821
46822
46823
46824
46825
46827
46828
46829
46830
46831
46832
46835
46836
46837
46838
46839
46840
46841
46842
46843
46845
46847
46848
46849
46850
46851
46852
46854
46855
46856
46858
46860
46861
46863
46864
46865
46866
46867
46868
46869
46870
46873
46874
46875
46876
46877
46878
46879
46880
46882
46885
46886
46887
46888
46889
46892
46893
46894
46895
46896
46898
46899
46900
46902
46903
46904
46905
46906
46907
46908
46909
46911
46912
46913
46914
46915
46916
46917
46918
46919
46920
46921
46922
46923
46925
46926
46927
46928
46930
46931
46932
46933
46934
46935
46936
46938
46939
46940
46941
46942
46943
46944
46945
46946
46947
46949
46953
46954
46955
46956
46958
46960
46961
46962
46963
46964
46965
46966
46968
46969
46970
46972
46973
46974
46975
46977
46978
46979
46980
46981
46982
46983
46984
46987
46988
46990
46991
46992
46993
46995
46996
46997
46998
47000
47001
47002
47003
47004
47006
47007
47008
47009
47010
47011
47012
47013
47014
47015
47016
47018
47019
47020
47021
47022
47025
47026
47027
47028
47029
47030
47031
47032
47033
47034
47035
47036
47037
47038
47039
47040
47041
47042
47044
47046
47047
47048
47049
47050
47051
47052
47053
47054
47056
47057
47058
47059
47060
47063
47065
47066
47067
47068
47069
47070
47071
47072
47073
47074
47075
47076
47077
47078
47079
47080
47082
47083
47085
47088
47089
47090
47091
47093
47094
47095
47096
47097
47098
47099
47101
47102
47104
47105
47106
47107
47108
47110
47111
47112
47113
47114
47115
47116
47117
47118
47120
47121
47122
47123
47124
47125
47126
47127
47128
47129
47130
47131
47132
47133
47134
47135
47136
47137
47139
47141
47142
47143
47144
47145
47146
47147
47148
47149
47151
47152
47153
47154
47155
47156
47158
47159
47160
47161
47162
47164
47165
47166
47167
47168
47170
47171
47172
47173
47174
47175
47177
47178
47179
47180
47181
47182
47183
47184
47185
47186
47187
47188
47189
47190
47191
47193
47194
47196
47197
47198
47199
47201
47202
47203
47204
47205
47206
47207
47208
47209
47210
47211
47212
47213
47215
47216
47217
47219
47220
47221
47222
47223
47224
47225
47226
47227
47228
47229
47230
47231
47234
47235
47236
47237
47238
47239
47240
47241
47242
47243
47244
47245
47246
47247
47248
47249
47250
47251
47254
47255
47257
47258
47259
47260
47261
47262
47263
47264
47265
47266
47267
47268
47269
47270
47272
47273
47274
47275
47276
47277
47278
47279
47280
47281
47282
47283
47284
47285
47286
47287
47288
47289
47291
47292
47293
47294
47295
47296
47297
47298
47299
47300
47301
47302
47303
47305
47306
47307
47308
47310
47312
47313
47314
47316
47317
47318
47319
47320
47321
47322
47323
47324
47325
47327
47329
47330
47331
47332
47333
47334
47335
47336
47337
47338
47339
47340
47341
47342
47343
47344
47345
47346
47348
47349
47350
47351
47352
47353
47354
47355
47356
47357
47358
47359
47361
47362
47363
47364
47365
47367
47368
47369
47370
47371
47372
47373
47374
47375
47376
47377
47378
47379
47380
47381
47382
47383
47384
47386
47387
47388
47391
47392
47393
47394
47395
47396
47397
47398
47399
47400
47402
47403
47405
47406
47407
47408
47409
47410
47411
47412
47413
47414
47415
47416
47417
47418
47419
47420
47421
47422
47424
47425
47427
47428
47429
47430
47431
47432
47433
47434
47435
47436
47437
47438
47439
47440
47441
47443
47444
47445
47446
47447
47448
47449
47450
47452
47453
47454
47455
47456
47457
47458
47459
47460
47462
47464
47465
47466
47467
47468
47469
47470
47471
47472
47473
47474
47475
47476
47477
47478
47479
47481
47482
47483
47484
47485
47486
47487
47488
47489
47490
47491
47492
47493
47494
47495
47496
47497
47498
4
4025 0 0
3 5
Time use: 0.511312s
