200
0 164 1
164 0 1
0 194 1
194 0 1
0 158 1
158 0 1
0 102 1
102 0 1
1 138 1
138 1 1
1 38 1
38 1 1
1 117 1
117 1 1
1 160 1
160 1 1
2 82 1
82 2 1
2 95 1
95 2 1
2 129 1
129 2 1
2 199 1
199 2 1
3 76 1
76 3 1
3 134 1
134 3 1
3 148 1
148 3 1
3 167 1
167 3 1
4 61 1
61 4 1
4 59 1
59 4 1
4 106 1
106 4 1
4 62 1
62 4 1
5 3 1
3 5 1
5 142 1
142 5 1
5 14 1
14 5 1
5 124 1
124 5 1
6 10 1
10 6 1
6 148 1
148 6 1
6 64 1
64 6 1
6 155 1
155 6 1
7 23 1
23 7 1
7 94 1
94 7 1
7 118 1
118 7 1
7 159 1
159 7 1
8 158 1
158 8 1
8 113 1
113 8 1
8 9 1
9 8 1
8 142 1
142 8 1
9 101 1
101 9 1
9 133 1
133 9 1
9 177 1
177 9 1
9 76 1
76 9 1
10 11 1
11 10 1
10 5 1
5 10 1
10 137 1
137 10 1
10 130 1
130 10 1
11 42 1
42 11 1
11 145 1
145 11 1
11 66 1
66 11 1
11 146 1
146 11 1
12 182 1
182 12 1
12 135 1
135 12 1
12 36 1
36 12 1
12 196 1
196 12 1
13 63 1
63 13 1
13 158 1
158 13 1
13 127 1
127 13 1
13 86 1
86 13 1
14 141 1
141 14 1
14 41 1
41 14 1
14 18 1
18 14 1
14 77 1
77 14 1
15 173 1
173 15 1
15 182 1
182 15 1
15 48 1
48 15 1
15 46 1
46 15 1
16 26 1
26 16 1
16 99 1
99 16 1
16 139 1
139 16 1
16 189 1
189 16 1
17 80 1
80 17 1
17 106 1
106 17 1
17 111 1
111 17 1
17 87 1
87 17 1
18 65 1
65 18 1
18 60 1
60 18 1
18 114 1
114 18 1
18 2 1
2 18 1
19 5 1
5 19 1
19 112 1
112 19 1
19 25 1
25 19 1
19 71 1
71 19 1
20 1 1
1 20 1
20 168 1
168 20 1
20 124 1
124 20 1
20 103 1
103 20 1
21 89 1
89 21 1
21 100 1
100 21 1
21 174 1
174 21 1
21 111 1
111 21 1
22 7 1
7 22 1
22 6 1
6 22 1
22 77 1
77 22 1
22 101 1
101 22 1
23 166 1
166 23 1
23 25 1
25 23 1
23 183 1
183 23 1
23 195 1
195 23 1
24 67 1
67 24 1
24 140 1
140 24 1
24 1 1
1 24 1
24 33 1
33 24 1
25 9 1
9 25 1
25 155 1
155 25 1
25 75 1
75 25 1
25 13 1
13 25 1
26 157 1
157 26 1
26 141 1
141 26 1
26 105 1
105 26 1
26 83 1
83 26 1
27 18 1
18 27 1
27 193 1
193 27 1
27 80 1
80 27 1
27 117 1
117 27 1
28 128 1
128 28 1
28 33 1
33 28 1
28 146 1
146 28 1
28 79 1
79 28 1
29 37 1
37 29 1
29 19 1
19 29 1
29 172 1
172 29 1
29 11 1
11 29 1
30 188 1
188 30 1
30 37 1
37 30 1
30 40 1
40 30 1
30 45 1
45 30 1
31 4 1
4 31 1
31 147 1
147 31 1
31 78 1
78 31 1
31 169 1
169 31 1
32 53 1
53 32 1
32 43 1
43 32 1
32 153 1
153 32 1
32 6 1
6 32 1
33 113 1
113 33 1
33 91 1
91 33 1
33 149 1
149 33 1
33 190 1
190 33 1
34 41 1
41 34 1
34 102 1
102 34 1
34 0 1
0 34 1
34 52 1
52 34 1
35 64 1
64 35 1
35 174 1
174 35 1
35 19 1
19 35 1
35 28 1
28 35 1
36 43 1
43 36 1
36 180 1
180 36 1
36 171 1
171 36 1
36 60 1
60 36 1
37 151 1
151 37 1
37 88 1
88 37 1
37 184 1
184 37 1
37 123 1
123 37 1
38 45 1
45 38 1
38 151 1
151 38 1
38 62 1
62 38 1
38 153 1
153 38 1
39 30 1
30 39 1
39 109 1
109 39 1
39 88 1
88 39 1
39 38 1
38 39 1
40 13 1
13 40 1
40 165 1
165 40 1
40 26 1
26 40 1
40 187 1
187 40 1
41 135 1
135 41 1
41 72 1
72 41 1
41 76 1
76 41 1
41 54 1
54 41 1
42 178 1
178 42 1
42 75 1
75 42 1
42 7 1
7 42 1
42 72 1
72 42 1
43 130 1
130 43 1
43 129 1
129 43 1
43 195 1
195 43 1
43 180 1
180 43 1
44 83 1
83 44 1
44 105 1
105 44 1
44 5 1
5 44 1
44 89 1
89 44 1
45 146 1
146 45 1
45 76 1
76 45 1
45 131 1
131 45 1
45 157 1
157 45 1
46 179 1
179 46 1
46 198 1
198 46 1
46 63 1
63 46 1
46 175 1
175 46 1
47 159 1
159 47 1
47 58 1
58 47 1
47 27 1
27 47 1
47 194 1
194 47 1
48 103 1
103 48 1
48 116 1
116 48 1
48 12 1
12 48 1
48 185 1
185 48 1
49 191 1
191 49 1
49 30 1
30 49 1
49 136 1
136 49 1
49 164 1
164 49 1
50 181 1
181 50 1
50 2 1
2 50 1
50 175 1
175 50 1
50 97 1
97 50 1
51 125 1
125 51 1
51 93 1
93 51 1
51 112 1
112 51 1
51 165 1
165 51 1
52 190 1
190 52 1
52 178 1
178 52 1
52 104 1
104 52 1
52 108 1
108 52 1
53 122 1
122 53 1
53 104 1
104 53 1
53 91 1
91 53 1
53 135 1
135 53 1
54 78 1
78 54 1
54 55 1
55 54 1
54 178 1
178 54 1
54 50 1
50 54 1
55 196 1
196 55 1
55 121 1
121 55 1
55 123 1
123 55 1
55 91 1
91 55 1
56 25 1
25 56 1
56 74 1
74 56 1
56 13 1
13 56 1
56 7 1
7 56 1
57 129 1
129 57 1
57 12 1
12 57 1
57 97 1
97 57 1
57 53 1
53 57 1
58 187 1
187 58 1
58 172 1
172 58 1
58 54 1
54 58 1
58 42 1
42 58 1
59 98 1
98 59 1
59 171 1
171 59 1
59 24 1
24 59 1
59 57 1
57 59 1
60 92 1
92 60 1
60 63 1
63 60 1
60 192 1
192 60 1
60 134 1
134 60 1
61 36 1
36 61 1
61 87 1
87 61 1
61 32 1
32 61 1
61 177 1
177 61 1
62 118 1
118 62 1
62 40 1
40 62 1
62 185 1
185 62 1
62 184 1
184 62 1
63 183 1
183 63 1
63 169 1
169 63 1
63 74 1
74 63 1
63 93 1
93 63 1
64 144 1
144 64 1
64 125 1
125 64 1
64 51 1
51 64 1
64 104 1
104 64 1
65 19 1
19 65 1
65 85 1
85 65 1
65 170 1
170 65 1
65 183 1
183 65 1
66 165 1
165 66 1
66 84 1
84 66 1
66 72 1
72 66 1
66 27 1
27 66 1
67 172 1
172 67 1
67 81 1
81 67 1
67 113 1
113 67 1
67 59 1
59 67 1
68 186 1
186 68 1
68 97 1
97 68 1
68 23 1
23 68 1
68 154 1
154 68 1
69 51 1
51 69 1
69 170 1
170 69 1
69 21 1
21 69 1
69 40 1
40 69 1
70 148 1
148 70 1
70 159 1
159 70 1
70 108 1
108 70 1
70 145 1
145 70 1
71 44 1
44 71 1
71 10 1
10 71 1
71 84 1
84 71 1
71 129 1
129 71 1
72 192 1
192 72 1
72 52 1
52 72 1
72 68 1
68 72 1
72 125 1
125 72 1
73 59 1
59 73 1
73 27 1
27 73 1
73 181 1
181 73 1
73 119 1
119 73 1
74 156 1
156 74 1
74 110 1
110 74 1
74 115 1
115 74 1
74 136 1
136 74 1
75 197 1
197 75 1
75 8 1
8 75 1
75 180 1
180 75 1
75 78 1
78 75 1
76 39 1
39 76 1
76 143 1
143 76 1
76 157 1
157 76 1
76 110 1
110 76 1
77 112 1
112 77 1
77 80 1
80 77 1
77 49 1
49 77 1
77 36 1
36 77 1
78 198 1
198 78 1
78 179 1
179 78 1
78 188 1
188 78 1
78 112 1
112 78 1
79 167 1
167 79 1
79 24 1
24 79 1
79 60 1
60 79 1
79 0 1
0 79 1
80 117 1
117 80 1
80 0 1
0 80 1
80 45 1
45 80 1
80 16 1
16 80 1
81 70 1
70 81 1
81 118 1
118 81 1
81 189 1
189 81 1
81 1 1
1 81 1
82 127 1
127 82 1
82 44 1
44 82 1
82 154 1
154 82 1
82 32 1
32 82 1
83 136 1
136 83 1
83 146 1
146 83 1
83 15 1
15 83 1
83 150 1
150 83 1
84 33 1
33 84 1
84 167 1
167 84 1
84 147 1
147 84 1
84 191 1
191 84 1
85 194 1
194 85 1
85 32 1
32 85 1
85 82 1
82 85 1
85 95 1
95 85 1
86 14 1
14 86 1
86 50 1
50 86 1
86 144 1
144 86 1
86 158 1
158 86 1
87 35 1
35 87 1
87 47 1
47 87 1
87 161 1
161 87 1
87 94 1
94 87 1
88 154 1
154 88 1
88 152 1
152 88 1
88 92 1
92 88 1
88 8 1
8 88 1
89 95 1
95 89 1
89 127 1
127 89 1
89 122 1
122 89 1
89 118 1
118 89 1
90 102 1
102 90 1
90 51 1
51 90 1
90 37 1
37 90 1
90 73 1
73 90 1
91 120 1
120 91 1
91 21 1
21 91 1
91 107 1
107 91 1
91 49 1
49 91 1
92 34 1
34 92 1
92 39 1
39 92 1
92 98 1
98 92 1
92 182 1
182 92 1
93 81 1
81 93 1
93 107 1
107 93 1
93 61 1
61 93 1
93 34 1
34 93 1
94 79 1
79 94 1
94 62 1
62 94 1
94 191 1
191 94 1
94 141 1
141 94 1
95 24 1
24 95 1
95 92 1
92 95 1
95 167 1
167 95 1
95 193 1
193 95 1
96 106 1
106 96 1
96 86 1
86 96 1
96 67 1
67 96 1
96 25 1
25 96 1
97 115 1
115 97 1
97 195 1
195 97 1
97 86 1
86 97 1
97 9 1
9 97 1
98 189 1
189 98 1
98 65 1
65 98 1
98 165 1
165 98 1
98 61 1
61 98 1
99 185 1
185 99 1
99 122 1
122 99 1
99 28 1
28 99 1
99 133 1
133 99 1
100 139 1
139 100 1
100 35 1
35 100 1
100 20 1
20 100 1
100 121 1
121 100 1
101 110 1
110 101 1
101 190 1
190 101 1
101 31 1
31 101 1
101 152 1
152 101 1
102 152 1
152 102 1
102 161 1
161 102 1
102 163 1
163 102 1
102 173 1
173 102 1
103 21 1
21 103 1
103 139 1
139 103 1
103 138 1
138 103 1
103 105 1
105 103 1
104 99 1
99 104 1
104 153 1
153 104 1
104 128 1
128 104 1
104 29 1
29 104 1
105 86 1
86 105 1
105 192 1
192 105 1
105 11 1
11 105 1
105 99 1
99 105 1
106 12 1
12 106 1
106 157 1
157 106 1
106 8 1
8 106 1
106 115 1
115 106 1
107 50 1
50 107 1
107 149 1
149 107 1
107 2 1
2 107 1
107 126 1
126 107 1
108 160 1
160 108 1
108 98 1
98 108 1
108 110 1
110 108 1
108 20 1
20 108 1
109 56 1
56 109 1
109 54 1
54 109 1
109 141 1
141 109 1
109 197 1
197 109 1
110 17 1
17 110 1
110 124 1
124 110 1
110 70 1
70 110 1
110 51 1
51 110 1
111 6 1
6 111 1
111 15 1
15 111 1
111 34 1
34 111 1
111 114 1
114 111 1
112 49 1
49 112 1
112 150 1
150 112 1
112 85 1
85 112 1
112 138 1
138 112 1
113 126 1
126 113 1
113 163 1
163 113 1
113 3 1
3 113 1
113 144 1
144 113 1
114 174 1
174 114 1
114 57 1
57 114 1
114 90 1
90 114 1
114 163 1
163 114 1
115 145 1
145 115 1
115 96 1
96 115 1
115 109 1
109 115 1
115 161 1
161 115 1
116 8 1
8 116 1
116 56 1
56 116 1
116 39 1
39 116 1
116 122 1
122 116 1
117 163 1
163 117 1
117 68 1
68 117 1
117 102 1
102 117 1
117 5 1
5 117 1
118 72 1
72 118 1
118 120 1
120 118 1
118 57 1
57 118 1
118 17 1
17 118 1
119 91 1
91 119 1
119 42 1
42 119 1
119 194 1
194 119 1
119 75 1
75 119 1
120 40 1
40 120 1
120 46 1
46 120 1
120 71 1
71 120 1
120 30 1
30 120 1
121 170 1
170 121 1
121 69 1
69 121 1
121 95 1
95 121 1
121 84 1
84 121 1
122 96 1
96 122 1
122 70 1
70 122 1
122 4 1
4 122 1
122 120 1
120 122 1
123 52 1
52 123 1
123 132 1
132 123 1
123 38 1
38 123 1
123 107 1
107 123 1
124 60 1
60 124 1
124 3 1
3 124 1
124 87 1
87 124 1
124 67 1
67 124 1
125 38 1
38 125 1
125 188 1
188 125 1
125 22 1
22 125 1
125 85 1
85 125 1
126 55 1
55 126 1
126 117 1
117 126 1
126 96 1
96 126 1
126 41 1
41 126 1
127 161 1
161 127 1
127 187 1
187 127 1
127 58 1
58 127 1
127 168 1
168 127 1
128 105 1
105 128 1
128 66 1
66 128 1
128 65 1
65 128 1
128 43 1
43 128 1
129 175 1
175 129 1
129 156 1
156 129 1
129 142 1
142 129 1
129 127 1
127 129 1
130 133 1
133 130 1
130 199 1
199 130 1
130 196 1
196 130 1
130 140 1
140 130 1
131 87 1
87 131 1
131 189 1
189 131 1
131 125 1
125 131 1
131 55 1
55 131 1
132 140 1
140 132 1
132 17 1
17 132 1
132 155 1
155 132 1
132 69 1
69 132 1
133 195 1
195 133 1
133 101 1
101 133 1
133 120 1
120 133 1
133 74 1
74 133 1
134 75 1
75 134 1
134 13 1
13 134 1
134 160 1
160 134 1
134 31 1
31 134 1
135 169 1
169 135 1
135 166 1
166 135 1
135 43 1
43 135 1
135 48 1
48 135 1
136 54 1
54 136 1
136 114 1
114 136 1
136 126 1
126 136 1
136 88 1
88 136 1
137 77 1
77 137 1
137 126 1
126 137 1
137 47 1
47 137 1
137 98 1
98 137 1
138 162 1
162 138 1
138 123 1
123 138 1
138 17 1
17 138 1
138 24 1
24 138 1
139 85 1
85 139 1
139 136 1
136 139 1
139 132 1
132 139 1
139 39 1
39 139 1
140 155 1
155 140 1
140 191 1
191 140 1
140 133 1
133 140 1
140 198 1
198 140 1
141 90 1
90 141 1
141 73 1
73 141 1
141 103 1
103 141 1
141 192 1
192 141 1
142 62 1
62 142 1
142 23 1
23 142 1
142 59 1
59 142 1
142 116 1
116 142 1
143 123 1
123 143 1
143 29 1
29 143 1
143 10 1
10 143 1
143 96 1
96 143 1
144 199 1
199 144 1
144 197 1
197 144 1
144 56 1
56 144 1
144 14 1
14 144 1
145 58 1
58 145 1
145 130 1
130 145 1
145 6 1
6 145 1
145 106 1
106 145 1
146 193 1
193 146 1
146 53 1
53 146 1
146 164 1
164 146 1
146 68 1
68 146 1
147 177 1
177 147 1
147 1 1
1 147 1
147 83 1
83 147 1
147 148 1
148 147 1
148 109 1
109 148 1
148 14 1
14 148 1
148 190 1
190 148 1
148 162 1
162 148 1
149 184 1
184 149 1
149 137 1
137 149 1
149 42 1
42 149 1
149 81 1
81 149 1
150 68 1
68 150 1
150 79 1
79 150 1
150 44 1
44 150 1
150 21 1
21 150 1
151 73 1
73 151 1
151 131 1
131 151 1
151 99 1
99 151 1
151 147 1
147 151 1
152 180 1
180 152 1
152 9 1
9 152 1
152 135 1
135 152 1
152 113 1
113 152 1
153 108 1
108 153 1
153 196 1
196 153 1
153 197 1
197 153 1
153 186 1
186 153 1
154 137 1
137 154 1
154 83 1
83 154 1
154 33 1
33 154 1
154 100 1
100 154 1
155 66 1
66 155 1
155 4 1
4 155 1
155 121 1
121 155 1
155 166 1
166 155 1
156 153 1
153 156 1
156 82 1
82 156 1
156 53 1
53 156 1
156 92 1
92 156 1
157 111 1
111 157 1
157 186 1
186 157 1
157 162 1
162 157 1
157 56 1
56 157 1
158 168 1
168 158 1
158 185 1
185 158 1
158 193 1
193 158 1
158 4 1
4 158 1
159 124 1
124 159 1
159 115 1
115 159 1
159 179 1
179 159 1
159 176 1
176 159 1
160 176 1
176 160 1
160 48 1
48 160 1
160 130 1
130 160 1
160 64 1
64 160 1
161 0 1
0 161 1
161 144 1
144 161 1
161 89 1
89 161 1
161 131 1
131 161 1
162 97 1
97 162 1
162 71 1
71 162 1
162 119 1
119 162 1
162 58 1
58 162 1
163 22 1
22 163 1
163 184 1
184 163 1
163 116 1
116 163 1
163 151 1
151 163 1
164 143 1
143 164 1
164 160 1
160 164 1
164 166 1
166 164 1
164 44 1
44 164 1
165 150 1
150 165 1
165 7 1
7 165 1
165 168 1
168 165 1
165 178 1
178 165 1
166 131 1
131 166 1
166 28 1
28 166 1
166 182 1
182 166 1
166 188 1
188 166 1
167 93 1
93 167 1
167 18 1
18 167 1
167 73 1
73 167 1
167 171 1
171 167 1
168 88 1
88 168 1
168 162 1
162 168 1
168 41 1
41 168 1
168 10 1
10 168 1
169 74 1
74 169 1
169 67 1
67 169 1
169 81 1
81 169 1
169 35 1
35 169 1
170 57 1
57 170 1
170 78 1
78 170 1
170 187 1
187 170 1
170 19 1
19 170 1
171 15 1
15 171 1
171 183 1
183 171 1
171 55 1
55 171 1
171 18 1
18 171 1
172 149 1
149 172 1
172 36 1
36 172 1
172 100 1
100 172 1
172 143 1
143 172 1
173 171 1
171 173 1
173 181 1
181 173 1
173 145 1
145 173 1
173 63 1
63 173 1
174 104 1
104 174 1
174 177 1
177 174 1
174 156 1
156 174 1
174 137 1
137 174 1
175 107 1
107 175 1
175 111 1
111 175 1
175 199 1
199 175 1
175 128 1
128 175 1
176 142 1
142 176 1
176 90 1
90 176 1
176 35 1
35 176 1
176 80 1
80 176 1
177 28 1
28 177 1
177 138 1
138 177 1
177 134 1
134 177 1
177 156 1
156 177 1
178 114 1
114 178 1
178 49 1
49 178 1
178 176 1
176 178 1
178 139 1
139 178 1
179 29 1
29 179 1
179 175 1
175 179 1
179 101 1
101 179 1
179 181 1
181 179 1
180 47 1
47 180 1
180 103 1
103 180 1
180 50 1
50 180 1
180 26 1
26 180 1
181 147 1
147 181 1
181 26 1
26 181 1
181 150 1
150 181 1
181 22 1
22 181 1
182 2 1
2 182 1
182 77 1
77 182 1
182 69 1
69 182 1
182 149 1
149 182 1
183 69 1
69 183 1
183 22 1
22 183 1
183 152 1
152 183 1
183 15 1
15 183 1
184 32 1
32 184 1
184 20 1
20 184 1
184 159 1
159 184 1
184 65 1
65 184 1
185 134 1
134 185 1
185 11 1
11 185 1
185 198 1
198 185 1
185 90 1
90 185 1
186 48 1
48 186 1
186 128 1
128 186 1
186 16 1
16 186 1
186 170 1
170 186 1
187 27 1
27 187 1
187 16 1
16 187 1
187 52 1
52 187 1
187 109 1
109 187 1
188 119 1
119 188 1
188 61 1
61 188 1
188 169 1
169 188 1
188 82 1
82 188 1
189 71 1
71 189 1
189 108 1
108 189 1
189 46 1
46 189 1
189 3 1
3 189 1
190 84 1
84 190 1
190 119 1
119 190 1
190 186 1
186 190 1
190 66 1
66 190 1
191 116 1
116 191 1
191 173 1
173 191 1
191 93 1
93 191 1
191 179 1
179 191 1
192 46 1
46 192 1
192 154 1
154 192 1
192 79 1
79 192 1
192 174 1
174 192 1
193 31 1
31 193 1
193 64 1
64 193 1
193 140 1
140 193 1
193 172 1
172 193 1
194 16 1
16 194 1
194 176 1
176 194 1
194 151 1
151 194 1
194 37 1
37 194 1
195 132 1
132 195 1
195 34 1
34 195 1
195 143 1
143 195 1
195 47 1
47 195 1
196 20 1
20 196 1
196 31 1
31 196 1
196 94 1
94 196 1
196 132 1
132 196 1
197 100 1
100 197 1
197 89 1
89 197 1
197 173 1
173 197 1
197 12 1
12 197 1
198 121 1
121 198 1
198 45 1
45 198 1
198 30 1
30 198 1
198 23 1
23 198 1
199 94 1
94 199 1
199 164 1
164 199 1
199 29 1
29 199 1
199 70 1
70 199 1
0 88 1
88 0 1
0 139 1
139 0 1
0 36 1
36 0 1
0 24 1
24 0 1
1 12 1
12 1 1
1 187 1
187 1 1
1 194 1
194 1 1
1 101 1
101 1 1
2 141 1
141 2 1
2 132 1
132 2 1
2 37 1
37 2 1
2 11 1
11 2 1
3 36 1
36 3 1
3 195 1
195 3 1
3 100 1
100 3 1
3 110 1
110 3 1
4 54 1
54 4 1
4 46 1
46 4 1
4 199 1
199 4 1
4 139 1
139 4 1
5 163 1
163 5 1
5 26 1
26 5 1
5 177 1
177 5 1
5 193 1
193 5 1
6 31 1
31 6 1
6 96 1
96 6 1
6 7 1
7 6 1
6 197 1
197 6 1
7 193 1
193 7 1
7 114 1
114 7 1
7 51 1
51 7 1
7 140 1
140 7 1
8 147 1
147 8 1
8 135 1
135 8 1
8 14 1
14 8 1
8 94 1
94 8 1
9 155 1
155 9 1
9 154 1
154 9 1
9 146 1
146 9 1
9 194 1
194 9 1
10 82 1
82 10 1
10 128 1
128 10 1
10 160 1
160 10 1
10 163 1
163 10 1
11 24 1
24 11 1
11 199 1
199 11 1
11 170 1
170 11 1
11 109 1
109 11 1
12 173 1
173 12 1
12 120 1
120 12 1
12 9 1
9 12 1
12 131 1
131 12 1
13 1 1
1 13 1
13 173 1
173 13 1
13 163 1
163 13 1
13 143 1
143 13 1
14 52 1
52 14 1
14 143 1
143 14 1
14 53 1
53 14 1
14 189 1
189 14 1
15 64 1
64 15 1
15 44 1
44 15 1
15 178 1
178 15 1
15 25 1
25 15 1
16 90 1
90 16 1
16 31 1
31 16 1
16 84 1
84 16 1
16 120 1
120 16 1
17 83 1
83 17 1
17 3 1
3 17 1
17 15 1
15 17 1
17 69 1
69 17 1
18 182 1
182 18 1
18 141 1
141 18 1
18 56 1
56 18 1
18 95 1
95 18 1
19 34 1
34 19 1
19 73 1
73 19 1
19 136 1
136 19 1
19 169 1
169 19 1
20 143 1
143 20 1
20 60 1
60 20 1
20 173 1
173 20 1
20 30 1
30 20 1
21 125 1
125 21 1
21 76 1
76 21 1
21 134 1
134 21 1
21 5 1
5 21 1
22 198 1
198 22 1
22 105 1
105 22 1
22 39 1
39 22 1
22 157 1
157 22 1
23 148 1
148 23 1
23 121 1
121 23 1
23 101 1
101 23 1
23 119 1
119 23 1
24 87 1
87 24 1
24 71 1
71 24 1
24 150 1
150 24 1
24 97 1
97 24 1
25 32 1
32 25 1
25 4 1
4 25 1
25 77 1
77 25 1
25 167 1
167 25 1
26 177 1
177 26 1
26 189 1
189 26 1
26 93 1
93 26 1
26 51 1
51 26 1
27 133 1
133 27 1
27 155 1
155 27 1
27 40 1
40 27 1
27 182 1
182 27 1
28 151 1
151 28 1
28 185 1
185 28 1
28 155 1
155 28 1
28 134 1
134 28 1
29 171 1
171 29 1
29 127 1
127 29 1
29 10 1
10 29 1
29 57 1
57 29 1
30 84 1
84 30 1
30 22 1
22 30 1
30 181 1
181 30 1
30 112 1
112 30 1
31 33 1
33 31 1
31 198 1
198 31 1
31 168 1
168 31 1
31 54 1
54 31 1
32 186 1
186 32 1
32 40 1
40 32 1
32 127 1
127 32 1
32 70 1
70 32 1
33 118 1
118 33 1
33 7 1
7 33 1
33 50 1
50 33 1
33 59 1
59 33 1
34 162 1
162 34 1
34 37 1
37 34 1
34 164 1
164 34 1
34 147 1
147 34 1
35 161 1
161 35 1
35 0 1
0 35 1
35 153 1
153 35 1
35 199 1
199 35 1
36 92 1
92 36 1
36 8 1
8 36 1
36 187 1
187 36 1
36 76 1
76 36 1
37 70 1
70 37 1
37 169 1
169 37 1
37 63 1
63 37 1
37 180 1
180 37 1
38 74 1
74 38 1
38 168 1
168 38 1
38 154 1
154 38 1
38 128 1
128 38 1
39 27 1
27 39 1
39 159 1
159 39 1
39 65 1
65 39 1
39 2 1
2 39 1
40 55 1
55 40 1
40 18 1
18 40 1
40 159 1
159 40 1
40 106 1
106 40 1
41 185 1
185 41 1
41 59 1
59 41 1
41 91 1
91 41 1
41 9 1
9 41 1
42 68 1
68 42 1
42 85 1
85 42 1
42 161 1
161 42 1
42 36 1
36 42 1
43 35 1
35 43 1
43 190 1
190 43 1
43 137 1
137 43 1
43 75 1
75 43 1
44 23 1
23 44 1
44 149 1
149 44 1
44 66 1
66 44 1
44 151 1
151 44 1
45 172 1
172 45 1
45 25 1
25 45 1
45 82 1
82 45 1
45 162 1
162 45 1
46 108 1
108 46 1
46 36 1
36 46 1
46 33 1
33 46 1
46 77 1
77 46 1
47 156 1
156 47 1
47 80 1
80 47 1
47 133 1
133 47 1
47 28 1
28 47 1
48 20 1
20 48 1
48 77 1
77 48 1
48 157 1
157 48 1
48 191 1
191 48 1
49 73 1
73 49 1
49 38 1
38 49 1
49 124 1
124 49 1
49 61 1
61 49 1
50 43 1
43 50 1
50 111 1
111 50 1
50 25 1
25 50 1
50 126 1
126 50 1
51 122 1
122 51 1
51 81 1
81 51 1
51 58 1
58 51 1
51 117 1
117 51 1
52 5 1
5 52 1
52 193 1
193 52 1
52 59 1
59 52 1
52 46 1
46 52 1
53 113 1
113 53 1
53 89 1
89 53 1
53 197 1
197 53 1
53 154 1
154 53 1
54 152 1
152 54 1
54 1 1
1 54 1
54 11 1
11 54 1
54 130 1
130 54 1
55 79 1
79 55 1
55 122 1
122 55 1
55 166 1
166 55 1
55 165 1
165 55 1
56 134 1
134 56 1
56 197 1
197 56 1
56 88 1
88 56 1
56 33 1
33 56 1
57 85 1
85 57 1
57 117 1
117 57 1
57 68 1
68 57 1
57 171 1
171 57 1
58 140 1
140 58 1
58 39 1
39 58 1
58 3 1
3 58 1
58 23 1
23 58 1
59 106 1
106 59 1
59 184 1
184 59 1
59 12 1
12 59 1
59 16 1
16 59 1
60 49 1
49 60 1
60 13 1
13 60 1
60 94 1
94 60 1
60 99 1
99 60 1
61 0 1
0 61 1
61 136 1
136 61 1
61 19 1
19 61 1
61 152 1
152 61 1
62 15 1
15 62 1
62 134 1
134 62 1
62 98 1
98 62 1
62 50 1
50 62 1
63 19 1
19 63 1
63 58 1
58 63 1
63 180 1
180 63 1
63 4 1
4 63 1
64 101 1
101 64 1
64 55 1
55 64 1
64 29 1
29 64 1
64 138 1
138 64 1
65 25 1
25 65 1
65 30 1
30 65 1
65 47 1
47 65 1
65 187 1
187 65 1
66 8 1
8 66 1
66 35 1
35 66 1
66 6 1
6 66 1
66 38 1
38 66 1
67 17 1
17 67 1
67 138 1
138 67 1
67 95 1
95 67 1
67 118 1
118 67 1
68 59 1
59 68 1
68 69 1
69 68 1
68 165 1
165 68 1
68 14 1
14 68 1
69 75 1
75 69 1
69 97 1
97 69 1
69 152 1
152 69 1
69 137 1
137 69 1
70 104 1
104 70 1
70 174 1
174 70 1
70 107 1
107 70 1
70 62 1
62 70 1
71 165 1
165 71 1
71 116 1
116 71 1
71 138 1
138 71 1
71 100 1
100 71 1
72 7 1
7 72 1
72 17 1
17 72 1
72 191 1
191 72 1
72 98 1
98 72 1
73 65 1
65 73 1
73 92 1
92 73 1
73 114 1
114 73 1
73 179 1
179 73 1
74 39 1
39 74 1
74 88 1
88 74 1
74 109 1
109 74 1
74 84 1
84 74 1
75 58 1
58 75 1
75 11 1
11 75 1
75 74 1
74 75 1
75 34 1
34 75 1
76 6 1
6 76 1
76 146 1
146 76 1
76 175 1
175 76 1
76 27 1
27 76 1
77 13 1
13 77 1
77 21 1
21 77 1
77 108 1
108 77 1
77 158 1
158 77 1
78 72 1
72 78 1
78 194 1
194 78 1
78 148 1
148 78 1
78 67 1
67 78 1
79 95 1
95 79 1
79 90 1
90 79 1
79 132 1
132 79 1
79 19 1
19 79 1
80 100 1
100 80 1
80 109 1
109 80 1
80 186 1
186 80 1
80 53 1
53 80 1
81 26 1
26 81 1
81 15 1
15 81 1
81 13 1
13 81 1
81 108 1
108 81 1
82 130 1
130 82 1
82 160 1
160 82 1
82 151 1
151 82 1
82 159 1
159 82 1
83 3 1
3 83 1
83 10 1
10 83 1
83 42 1
42 83 1
83 39 1
39 83 1
84 28 1
28 84 1
84 126 1
126 84 1
84 70 1
70 84 1
84 192 1
192 84 1
85 81 1
81 85 1
85 118 1
118 85 1
85 96 1
96 85 1
85 174 1
174 85 1
86 93 1
93 86 1
86 140 1
140 86 1
86 106 1
106 86 1
86 136 1
136 86 1
87 128 1
128 87 1
87 99 1
99 87 1
87 139 1
139 87 1
87 63 1
63 87 1
88 61 1
61 88 1
88 165 1
165 88 1
88 190 1
190 88 1
88 149 1
149 88 1
89 187 1
187 89 1
89 29 1
29 89 1
89 156 1
156 89 1
89 64 1
64 89 1
90 169 1
169 90 1
90 64 1
64 90 1
90 31 1
31 90 1
90 164 1
164 90 1
91 102 1
102 91 1
91 167 1
167 91 1
91 0 1
0 91 1
91 160 1
160 91 1
92 109 1
109 92 1
92 86 1
86 92 1
92 89 1
89 92 1
92 43 1
43 92 1
93 184 1
184 93 1
93 52 1
52 93 1
93 142 1
142 93 1
93 44 1
44 93 1
94 77 1
77 94 1
94 182 1
182 94 1
94 78 1
78 94 1
94 56 1
56 94 1
95 194 1
194 95 1
95 94 1
94 95 1
95 105 1
105 95 1
95 156 1
156 95 1
96 45 1
45 96 1
96 47 1
47 96 1
96 130 1
130 96 1
96 89 1
89 96 1
97 183 1
183 97 1
97 45 1
45 97 1
97 62 1
62 97 1
97 141 1
141 97 1
98 144 1
144 98 1
98 68 1
68 98 1
98 73 1
73 98 1
98 177 1
177 98 1
99 116 1
116 99 1
99 108 1
108 99 1
99 158 1
158 99 1
99 123 1
123 99 1
100 29 1
29 100 1
100 9 1
9 100 1
100 117 1
117 100 1
100 186 1
186 100 1
101 80 1
80 101 1
101 104 1
104 101 1
101 85 1
85 101 1
101 184 1
184 101 1
102 124 1
124 102 1
102 43 1
43 102 1
102 86 1
86 102 1
102 135 1
135 102 1
103 197 1
197 103 1
103 98 1
98 103 1
103 135 1
135 103 1
103 145 1
145 103 1
104 191 1
191 104 1
104 74 1
74 104 1
104 5 1
5 104 1
104 96 1
96 104 1
105 126 1
126 105 1
105 87 1
87 105 1
105 27 1
27 105 1
105 92 1
92 105 1
106 159 1
159 106 1
106 150 1
150 106 1
106 174 1
174 106 1
106 168 1
168 106 1
107 18 1
18 107 1
107 5 1
5 107 1
107 92 1
92 107 1
107 74 1
74 107 1
108 78 1
78 108 1
108 32 1
32 108 1
108 97 1
97 108 1
108 41 1
41 108 1
109 14 1
14 109 1
109 24 1
24 109 1
109 16 1
16 109 1
109 35 1
35 109 1
110 123 1
123 110 1
110 102 1
102 110 1
110 81 1
81 110 1
110 107 1
107 110 1
111 146 1
146 111 1
111 125 1
125 111 1
111 28 1
28 111 1
111 148 1
148 111 1
112 127 1
127 112 1
112 175 1
175 112 1
112 115 1
115 112 1
112 91 1
91 112 1
113 121 1
121 113 1
113 176 1
176 113 1
113 131 1
131 113 1
113 79 1
79 113 1
114 56 1
56 114 1
114 192 1
192 114 1
114 43 1
43 114 1
114 8 1
8 114 1
115 105 1
105 115 1
115 133 1
133 115 1
115 67 1
67 115 1
115 173 1
173 115 1
116 66 1
66 116 1
116 20 1
20 116 1
116 188 1
188 116 1
116 121 1
121 116 1
117 99 1
99 117 1
117 56 1
56 117 1
117 189 1
189 117 1
117 45 1
45 117 1
118 46 1
46 118 1
118 53 1
53 118 1
118 126 1
126 118 1
118 49 1
49 118 1
119 138 1
138 119 1
119 61 1
61 119 1
119 143 1
143 119 1
119 116 1
116 119 1
120 196 1
196 120 1
120 148 1
148 120 1
120 69 1
69 120 1
120 55 1
55 120 1
121 153 1
153 121 1
121 119 1
119 121 1
121 34 1
34 121 1
121 104 1
104 121 1
122 132 1
132 122 1
122 186 1
186 122 1
122 198 1
198 122 1
122 176 1
176 122 1
123 154 1
154 123 1
123 130 1
130 123 1
123 116 1
116 123 1
123 144 1
144 123 1
124 57 1
57 124 1
124 16 1
16 124 1
124 123 1
123 124 1
124 72 1
72 124 1
125 160 1
160 125 1
125 78 1
78 125 1
125 192 1
192 125 1
125 113 1
113 125 1
126 22 1
22 126 1
126 142 1
142 126 1
126 1 1
1 126 1
126 188 1
188 126 1
127 50 1
50 127 1
127 124 1
124 127 1
127 171 1
171 127 1
127 10 1
10 127 1
128 167 1
167 128 1
128 179 1
179 128 1
128 72 1
72 128 1
128 132 1
132 128 1
129 4 1
4 129 1
129 41 1
41 129 1
129 120 1
120 129 1
129 0 1
0 129 1
130 48 1
48 130 1
130 83 1
83 130 1
130 176 1
176 130 1
130 73 1
73 130 1
131 175 1
175 131 1
131 196 1
196 131 1
131 21 1
21 131 1
131 82 1
82 131 1
132 149 1
149 132 1
132 129 1
129 132 1
132 75 1
75 132 1
132 3 1
3 132 1
133 168 1
168 133 1
133 152 1
152 133 1
133 41 1
41 133 1
133 90 1
90 133 1
134 53 1
53 134 1
134 49 1
49 134 1
134 99 1
99 134 1
134 71 1
71 134 1
135 44 1
44 135 1
135 28 1
28 135 1
135 17 1
17 135 1
135 31 1
31 135 1
136 2 1
2 136 1
136 79 1
79 136 1
136 20 1
20 136 1
136 198 1
198 136 1
137 115 1
115 137 1
137 48 1
48 137 1
137 147 1
147 137 1
137 42 1
42 137 1
138 139 1
139 138 1
138 95 1
95 138 1
138 44 1
44 138 1
138 114 1
114 138 1
139 137 1
137 139 1
139 170 1
170 139 1
139 61 1
61 139 1
139 133 1
133 139 1
140 71 1
71 140 1
140 123 1
123 140 1
140 64 1
64 140 1
140 172 1
172 140 1
141 11 1
11 141 1
141 63 1
63 141 1
141 57 1
57 141 1
141 86 1
86 141 1
142 37 1
37 142 1
142 33 1
33 142 1
142 111 1
111 142 1
142 15 1
15 142 1
143 30 1
30 143 1
143 151 1
151 143 1
143 125 1
125 143 1
143 103 1
103 143 1
144 63 1
63 144 1
144 166 1
166 144 1
144 32 1
32 144 1
144 17 1
17 144 1
145 195 1
195 145 1
145 2 1
2 145 1
145 18 1
18 145 1
145 47 1
47 145 1
146 129 1
129 146 1
146 57 1
57 146 1
146 4 1
4 146 1
146 185 1
185 146 1
147 188 1
188 147 1
147 191 1
191 147 1
147 184 1
184 147 1
147 93 1
93 147 1
148 180 1
180 148 1
148 54 1
54 148 1
148 183 1
183 148 1
148 60 1
60 148 1
149 16 1
16 149 1
149 70 1
70 149 1
149 54 1
54 149 1
149 32 1
32 149 1
150 117 1
117 150 1
150 162 1
162 150 1
150 141 1
141 150 1
150 127 1
127 150 1
151 98 1
98 151 1
151 6 1
6 151 1
151 8 1
8 151 1
151 161 1
161 151 1
152 62 1
62 152 1
152 67 1
67 152 1
152 60 1
60 152 1
152 21 1
21 152 1
153 120 1
120 153 1
153 161 1
161 153 1
153 71 1
71 153 1
153 20 1
20 153 1
154 42 1
42 154 1
154 14 1
14 154 1
154 80 1
80 154 1
154 181 1
181 154 1
155 136 1
136 155 1
155 156 1
156 155 1
155 26 1
26 155 1
155 102 1
102 155 1
156 103 1
103 156 1
156 42 1
42 156 1
156 118 1
118 156 1
156 195 1
195 156 1
157 164 1
164 157 1
157 188 1
188 157 1
157 121 1
121 157 1
157 88 1
88 157 1
158 40 1
40 158 1
158 164 1
164 158 1
158 104 1
104 158 1
158 150 1
150 158 1
159 166 1
166 159 1
159 50 1
50 159 1
159 35 1
35 159 1
159 26 1
26 159 1
160 131 1
131 160 1
160 106 1
106 160 1
160 79 1
79 160 1
160 170 1
170 160 1
161 142 1
142 161 1
161 100 1
100 161 1
161 49 1
49 161 1
161 1 1
1 161 1
162 158 1
158 162 1
162 112 1
112 162 1
162 55 1
55 162 1
162 153 1
153 162 1
163 110 1
110 163 1
163 147 1
147 163 1
163 87 1
87 163 1
163 196 1
196 163 1
164 150 1
150 164 1
164 153 1
153 164 1
164 145 1
145 164 1
164 115 1
115 164 1
165 47 1
47 165 1
165 137 1
137 165 1
165 185 1
185 165 1
165 12 1
12 165 1
166 174 1
174 166 1
166 183 1
183 166 1
166 167 1
167 166 1
166 105 1
105 166 1
167 170 1
170 167 1
167 180 1
180 167 1
167 119 1
119 167 1
167 124 1
124 167 1
168 86 1
86 168 1
168 131 1
131 168 1
168 76 1
76 168 1
168 146 1
146 168 1
169 181 1
181 169 1
169 34 1
34 169 1
169 48 1
48 169 1
169 58 1
58 169 1
170 38 1
38 170 1
170 113 1
113 170 1
170 83 1
83 170 1
170 178 1
178 170 1
171 89 1
89 171 1
171 65 1
65 171 1
171 144 1
144 171 1
171 68 1
68 171 1
172 96 1
96 172 1
172 115 1
115 172 1
172 162 1
162 172 1
172 6 1
6 172 1
173 176 1
176 173 1
173 101 1
101 173 1
173 2 1
2 173 1
173 166 1
166 173 1
174 97 1
97 174 1
174 72 1
72 174 1
174 46 1
46 174 1
174 7 1
7 174 1
175 41 1
41 175 1
175 91 1
91 175 1
175 195 1
195 175 1
175 83 1
83 175 1
176 190 1
190 176 1
176 62 1
62 176 1
176 110 1
110 176 1
176 65 1
65 176 1
177 76 1
76 177 1
177 181 1
181 177 1
177 193 1
193 177 1
177 18 1
18 177 1
178 60 1
60 178 1
178 23 1
23 178 1
178 102 1
102 178 1
178 37 1
37 178 1
179 69 1
69 179 1
179 51 1
51 179 1
179 140 1
140 179 1
179 81 1
81 179 1
180 135 1
135 180 1
180 110 1
110 180 1
180 24 1
24 180 1
180 66 1
66 180 1
181 94 1
94 181 1
181 27 1
27 181 1
181 128 1
128 181 1
181 13 1
13 181 1
182 51 1
51 182 1
182 82 1
82 182 1
182 52 1
52 182 1
182 111 1
111 182 1
183 21 1
21 183 1
183 75 1
75 183 1
183 122 1
122 183 1
183 85 1
85 183 1
184 67 1
67 184 1
184 144 1
144 184 1
184 129 1
129 184 1
184 52 1
52 184 1
185 192 1
192 185 1
185 145 1
145 185 1
185 45 1
45 185 1
185 142 1
142 185 1
186 111 1
111 186 1
186 93 1
93 186 1
186 103 1
103 186 1
186 87 1
87 186 1
187 199 1
199 187 1
187 178 1
178 187 1
187 113 1
113 187 1
187 22 1
22 187 1
188 107 1
107 188 1
188 84 1
84 188 1
188 172 1
172 188 1
188 190 1
190 188 1
189 145 1
145 189 1
189 157 1
157 189 1
189 112 1
112 189 1
189 125 1
125 189 1
190 10 1
10 190 1
190 163 1
163 190 1
190 22 1
22 190 1
190 40 1
40 190 1
191 157 1
157 191 1
191 19 1
19 191 1
191 149 1
149 191 1
191 80 1
80 191 1
192 179 1
179 192 1
192 107 1
107 192 1
192 196 1
196 192 1
192 175 1
175 192 1
193 114 1
114 193 1
193 103 1
103 193 1
193 23 1
23 193 1
193 29 1
29 193 1
194 178 1
178 194 1
194 172 1
172 194 1
194 179 1
179 194 1
194 48 1
48 194 1
195 112 1
112 195 1
195 177 1
177 195 1
195 38 1
38 195 1
195 78 1
78 195 1
196 9 1
9 196 1
196 171 1
171 196 1
196 90 1
90 196 1
196 183 1
183 196 1
197 119 1
119 197 1
197 158 1
158 197 1
197 30 1
30 197 1
197 122 1
122 197 1
198 189 1
189 198 1
198 66 1
66 198 1
198 182 1
182 198 1
198 155 1
155 198 1
199 91 1
91 199 1
199 12 1
12 199 1
199 169 1
169 199 1
199 129 1
129 199 1
0 65 1
65 0 1
0 192 1
192 0 1
0 15 1
15 0 1
0 38 1
38 0 1
1 139 1
139 1 1
1 94 1
94 1 1
1 159 1
159 1 1
1 170 1
170 1 1
2 161 1
161 2 1
2 48 1
48 2 1
2 86 1
86 2 1
2 164 1
164 2 1
3 90 1
90 3 1
3 118 1
118 3 1
3 166 1
166 3 1
3 68 1
68 3 1
4 196 1
196 4 1
4 152 1
152 4 1
4 161 1
161 4 1
4 0 1
0 4 1
5 95 1
95 5 1
5 127 1
127 5 1
5 62 1
62 5 1
5 50 1
50 5 1
6 88 1
88 6 1
6 21 1
21 6 1
6 55 1
55 6 1
6 165 1
165 6 1
7 3 1
3 7 1
7 119 1
119 7 1
7 178 1
178 7 1
7 32 1
32 7 1
8 100 1
100 8 1
8 111 1
111 8 1
8 99 1
99 8 1
8 190 1
190 8 1
9 198 1
198 9 1
9 15 1
15 9 1
9 81 1
81 9 1
9 43 1
43 9 1
10 40 1
40 10 1
10 173 1
173 10 1
10 73 1
73 10 1
10 169 1
169 10 1
11 148 1
148 11 1
11 78 1
78 11 1
11 125 1
125 11 1
11 18 1
18 11 1
12 38 1
38 12 1
12 84 1
84 12 1
12 169 1
169 12 1
12 188 1
188 12 1
13 150 1
150 13 1
13 16 1
16 13 1
13 185 1
185 13 1
13 131 1
131 13 1
14 30 1
30 14 1
14 44 1
44 14 1
14 195 1
195 14 1
14 180 1
180 14 1
15 56 1
56 15 1
15 141 1
141 15 1
15 98 1
98 15 1
15 35 1
35 15 1
16 17 1
17 16 1
16 55 1
55 16 1
16 53 1
53 16 1
16 46 1
46 16 1
17 167 1
167 17 1
17 176 1
176 17 1
17 198 1
198 17 1
17 70 1
70 17 1
18 93 1
93 18 1
18 87 1
87 18 1
18 149 1
149 18 1
18 72 1
72 18 1
19 158 1
158 19 1
19 126 1
126 19 1
19 120 1
120 19 1
19 142 1
142 19 1
20 114 1
114 20 1
20 166 1
166 20 1
20 51 1
51 20 1
20 21 1
21 20 1
21 115 1
115 21 1
21 57 1
57 21 1
21 186 1
186 21 1
21 8 1
8 21 1
22 36 1
36 22 1
22 97 1
97 22 1
22 26 1
26 22 1
22 93 1
93 22 1
23 169 1
169 23 1
23 165 1
165 23 1
23 87 1
87 23 1
23 160 1
160 23 1
24 134 1
134 24 1
24 128 1
128 24 1
24 40 1
40 24 1
24 139 1
139 24 1
25 166 1
166 25 1
25 112 1
112 25 1
25 11 1
11 25 1
25 161 1
161 25 1
26 127 1
127 26 1
26 183 1
183 26 1
26 32 1
32 26 1
26 117 1
117 26 1
27 37 1
37 27 1
27 101 1
101 27 1
27 90 1
90 27 1
27 185 1
185 27 1
28 199 1
199 28 1
28 158 1
158 28 1
28 67 1
67 28 1
28 20 1
20 28 1
29 136 1
136 29 1
29 42 1
42 29 1
29 152 1
152 29 1
29 102 1
102 29 1
30 195 1
195 30 1
30 7 1
7 30 1
30 156 1
156 30 1
30 1 1
1 30 1
31 170 1
170 31 1
31 86 1
86 31 1
31 138 1
138 31 1
31 85 1
85 31 1
32 137 1
137 32 1
32 122 1
122 32 1
32 199 1
199 32 1
32 193 1
193 32 1
33 179 1
179 33 1
33 131 1
131 33 1
33 6 1
6 33 1
33 163 1
163 33 1
34 191 1
191 34 1
34 187 1
187 34 1
34 64 1
64 34 1
34 143 1
143 34 1
35 94 1
94 35 1
35 160 1
160 35 1
35 12 1
12 35 1
35 122 1
122 35 1
36 188 1
188 36 1
36 189 1
189 36 1
36 41 1
41 36 1
36 167 1
167 36 1
37 176 1
176 37 1
37 157 1
157 37 1
37 139 1
139 37 1
37 96 1
96 37 1
38 5 1
5 38 1
38 25 1
25 38 1
38 2 1
2 38 1
38 86 1
86 38 1
39 181 1
181 39 1
39 17 1
17 39 1
39 170 1
170 39 1
39 24 1
24 39 1
40 152 1
152 40 1
40 132 1
132 40 1
40 162 1
162 40 1
40 56 1
56 40 1
41 140 1
140 41 1
41 90 1
90 41 1
41 187 1
187 41 1
41 13 1
13 41 1
42 64 1
64 42 1
42 168 1
168 42 1
42 131 1
131 42 1
42 54 1
54 42 1
43 82 1
82 43 1
43 106 1
106 43 1
43 89 1
89 43 1
43 77 1
77 43 1
44 35 1
35 44 1
44 51 1
51 44 1
44 129 1
129 44 1
44 95 1
95 44 1
45 92 1
92 45 1
45 43 1
43 45 1
45 94 1
94 45 1
45 194 1
194 45 1
46 135 1
135 46 1
46 61 1
61 46 1
46 24 1
24 46 1
46 75 1
75 46 1
47 173 1
173 47 1
47 109 1
109 47 1
47 70 1
70 47 1
47 25 1
25 47 1
48 18 1
18 48 1
48 134 1
134 48 1
48 117 1
117 48 1
48 81 1
81 48 1
49 20 1
20 49 1
49 35 1
35 49 1
49 93 1
93 49 1
49 175 1
175 49 1
50 49 1
49 50 1
50 143 1
143 50 1
50 83 1
83 50 1
50 14 1
14 50 1
51 116 1
116 51 1
51 138 1
138 51 1
51 72 1
72 51 1
51 9 1
9 51 1
52 78 1
78 52 1
52 2 1
2 52 1
52 88 1
88 52 1
52 11 1
11 52 1
53 103 1
103 53 1
53 68 1
68 53 1
53 176 1
176 53 1
53 192 1
192 53 1
54 101 1
101 54 1
54 108 1
108 54 1
54 5 1
5 54 1
54 155 1
155 54 1
55 143 1
143 55 1
55 74 1
74 55 1
55 38 1
38 55 1
55 28 1
28 55 1
56 171 1
171 56 1
56 140 1
140 56 1
56 164 1
164 56 1
56 119 1
119 56 1
57 162 1
162 57 1
57 39 1
39 57 1
57 109 1
109 57 1
57 5 1
5 57 1
58 62 1
62 58 1
58 80 1
80 58 1
58 163 1
163 58 1
58 12 1
12 58 1
59 141 1
141 59 1
59 38 1
38 59 1
59 78 1
78 59 1
59 118 1
118 59 1
60 182 1
182 60 1
60 0 1
0 60 1
60 91 1
91 60 1
60 121 1
121 60 1
61 153 1
153 61 1
61 18 1
18 61 1
61 106 1
106 61 1
61 176 1
176 61 1
62 84 1
84 62 1
62 133 1
133 62 1
62 25 1
25 62 1
62 55 1
55 62 1
63 107 1
107 63 1
63 85 1
85 63 1
63 105 1
105 63 1
63 82 1
82 63 1
64 178 1
178 64 1
64 184 1
184 64 1
64 37 1
37 64 1
64 67 1
67 64 1
65 74 1
74 65 1
65 110 1
110 65 1
65 22 1
22 65 1
65 34 1
34 65 1
66 96 1
96 66 1
66 120 1
120 66 1
66 175 1
175 66 1
66 45 1
45 66 1
67 33 1
33 67 1
67 181 1
181 67 1
67 189 1
189 67 1
67 91 1
91 67 1
68 7 1
7 68 1
68 125 1
125 68 1
68 167 1
167 68 1
68 149 1
149 68 1
69 118 1
118 69 1
69 56 1
56 69 1
69 192 1
192 69 1
69 89 1
89 69 1
70 91 1
91 70 1
70 36 1
36 70 1
70 136 1
136 70 1
70 64 1
64 70 1
71 155 1
155 71 1
71 102 1
102 71 1
71 47 1
47 71 1
71 171 1
171 71 1
72 197 1
197 72 1
72 185 1
185 72 1
72 142 1
142 72 1
72 60 1
60 72 1
73 149 1
149 73 1
73 161 1
161 73 1
73 35 1
35 73 1
73 36 1
36 73 1
74 83 1
83 74 1
74 60 1
60 74 1
74 158 1
158 74 1
74 23 1
23 74 1
75 138 1
138 75 1
75 154 1
154 75 1
75 77 1
77 75 1
75 33 1
33 75 1
76 133 1
133 76 1
76 22 1
22 76 1
76 82 1
82 76 1
76 104 1
104 76 1
77 42 1
42 77 1
77 89 1
89 77 1
77 135 1
135 77 1
77 31 1
31 77 1
78 70 1
70 78 1
78 88 1
88 78 1
78 196 1
196 78 1
78 19 1
19 78 1
79 45 1
45 79 1
79 1 1
1 79 1
79 119 1
119 79 1
79 29 1
29 79 1
80 15 1
15 80 1
80 75 1
75 80 1
80 18 1
18 80 1
80 42 1
42 80 1
81 113 1
113 81 1
81 107 1
107 81 1
81 150 1
150 81 1
81 76 1
76 81 1
82 72 1
72 82 1
82 104 1
104 82 1
82 143 1
143 82 1
82 141 1
141 82 1
83 157 1
157 83 1
83 62 1
62 83 1
83 31 1
31 83 1
83 196 1
196 83 1
84 186 1
186 84 1
84 105 1
105 84 1
84 108 1
108 84 1
84 157 1
157 84 1
85 159 1
159 85 1
85 93 1
93 85 1
85 123 1
123 85 1
85 172 1
172 85 1
86 68 1
68 86 1
86 113 1
113 86 1
86 7 1
7 86 1
86 107 1
107 86 1
87 102 1
102 87 1
87 26 1
26 87 1
87 44 1
44 87 1
87 114 1
114 87 1
88 156 1
156 88 1
88 64 1
64 88 1
88 151 1
151 88 1
88 10 1
10 88 1
89 106 1
106 89 1
89 9 1
9 89 1
89 74 1
74 89 1
89 133 1
133 89 1
90 6 1
6 90 1
90 99 1
99 90 1
90 54 1
54 90 1
90 177 1
177 90 1
91 81 1
81 91 1
91 114 1
114 91 1
91 193 1
193 91 1
91 134 1
134 91 1
92 76 1
76 92 1
92 8 1
8 92 1
92 0 1
0 92 1
92 144 1
144 92 1
93 0 1
0 93 1
93 95 1
95 93 1
93 45 1
45 93 1
93 140 1
140 93 1
94 125 1
125 94 1
94 31 1
31 94 1
94 4 1
4 94 1
94 57 1
57 94 1
95 131 1
131 95 1
95 117 1
117 95 1
95 59 1
59 95 1
95 37 1
37 95 1
96 46 1
46 96 1
96 144 1
144 96 1
96 171 1
171 96 1
96 7 1
7 96 1
97 128 1
128 97 1
97 71 1
71 97 1
97 130 1
130 97 1
97 152 1
152 97 1
98 117 1
117 98 1
98 13 1
13 98 1
98 58 1
58 98 1
98 78 1
78 98 1
99 11 1
11 99 1
99 96 1
96 99 1
99 52 1
52 99 1
99 130 1
130 99 1
100 16 1
16 100 1
100 46 1
46 100 1
100 116 1
116 100 1
100 123 1
123 100 1
101 4 1
4 101 1
101 188 1
188 101 1
101 16 1
16 101 1
101 197 1
197 101 1
102 22 1
22 102 1
102 136 1
136 102 1
102 23 1
23 102 1
102 69 1
69 102 1
103 61 1
61 103 1
103 100 1
100 103 1
103 56 1
56 103 1
103 109 1
109 103 1
104 66 1
66 104 1
104 172 1
172 104 1
104 133 1
133 104 1
104 59 1
59 104 1
105 130 1
130 105 1
105 33 1
33 105 1
105 19 1
19 105 1
105 182 1
182 105 1
106 71 1
71 106 1
106 149 1
149 106 1
106 147 1
147 106 1
106 2 1
2 106 1
107 73 1
73 107 1
107 170 1
170 107 1
107 118 1
118 107 1
107 84 1
84 107 1
108 184 1
184 108 1
108 5 1
5 108 1
108 96 1
96 108 1
108 126 1
126 108 1
109 119 1
119 109 1
109 66 1
66 109 1
109 75 1
75 109 1
109 108 1
108 109 1
110 87 1
87 110 1
110 198 1
198 110 1
110 97 1
97 110 1
110 116 1
116 110 1
111 105 1
105 111 1
111 98 1
98 111 1
111 188 1
188 111 1
111 80 1
80 111 1
112 151 1
151 112 1
112 171 1
171 112 1
112 179 1
179 112 1
112 135 1
135 112 1
113 43 1
43 113 1
113 76 1
76 113 1
113 61 1
61 113 1
113 153 1
153 113 1
114 172 1
172 114 1
114 123 1
123 114 1
114 49 1
49 114 1
114 145 1
145 114 1
115 154 1
154 115 1
115 30 1
30 115 1
115 155 1
155 115 1
115 99 1
99 115 1
116 9 1
9 116 1
116 190 1
190 116 1
116 153 1
153 116 1
116 94 1
94 116 1
117 129 1
129 117 1
117 83 1
83 117 1
117 184 1
184 117 1
117 63 1
63 117 1
118 29 1
29 118 1
118 164 1
164 118 1
118 194 1
194 118 1
118 97 1
97 118 1
119 163 1
163 119 1
119 20 1
20 119 1
119 112 1
112 119 1
119 47 1
47 119 1
120 10 1
10 120 1
120 156 1
156 120 1
120 102 1
102 120 1
120 6 1
6 120 1
121 41 1
41 121 1
121 148 1
148 121 1
121 160 1
160 121 1
121 73 1
73 121 1
122 110 1
110 122 1
122 146 1
146 122 1
122 101 1
101 122 1
122 62 1
62 122 1
123 28 1
28 123 1
123 182 1
182 123 1
123 69 1
69 123 1
123 136 1
136 123 1
124 144 1
144 124 1
124 193 1
193 124 1
124 140 1
140 124 1
124 26 1
26 124 1
125 185 1
185 125 1
125 194 1
194 125 1
125 42 1
42 125 1
125 83 1
83 125 1
126 145 1
145 126 1
126 27 1
27 126 1
126 85 1
85 126 1
126 129 1
129 126 1
127 8 1
8 127 1
127 159 1
159 127 1
127 122 1
122 127 1
127 115 1
115 127 1
128 111 1
111 128 1
128 82 1
82 128 1
128 168 1
168 128 1
128 154 1
154 128 1
129 112 1
112 129 1
129 77 1
77 129 1
129 33 1
33 129 1
129 51 1
51 129 1
130 108 1
108 130 1
130 124 1
124 130 1
130 39 1
39 130 1
130 49 1
49 130 1
131 146 1
146 131 1
131 153 1
153 131 1
131 76 1
76 131 1
131 159 1
159 131 1
132 190 1
190 132 1
132 59 1
59 132 1
132 127 1
127 132 1
132 111 1
111 132 1
133 59 1
59 133 1
133 23 1
23 133 1
133 14 1
14 133 1
133 40 1
40 133 1
134 32 1
32 134 1
134 79 1
79 134 1
134 1 1
1 134 1
134 66 1
66 134 1
135 165 1
165 135 1
135 150 1
150 135 1
135 141 1
141 135 1
135 124 1
124 135 1
136 67 1
67 136 1
136 58 1
58 136 1
136 36 1
36 136 1
136 158 1
158 136 1
137 12 1
12 137 1
137 121 1
121 137 1
137 132 1
132 137 1
137 79 1
79 137 1
138 34 1
34 138 1
138 45 1
45 138 1
138 27 1
27 138 1
138 183 1
183 138 1
139 77 1
77 139 1
139 65 1
65 139 1
139 111 1
111 139 1
139 17 1
17 139 1
140 75 1
75 140 1
140 151 1
151 140 1
140 181 1
181 140 1
140 162 1
162 140 1
141 164 1
164 141 1
141 24 1
24 141 1
141 29 1
29 141 1
141 151 1
151 141 1
142 24 1
24 142 1
142 14 1
14 142 1
142 114 1
114 142 1
142 52 1
52 142 1
143 47 1
47 143 1
143 63 1
63 143 1
143 154 1
154 143 1
143 181 1
181 143 1
144 104 1
104 144 1
144 177 1
177 144 1
144 48 1
48 144 1
144 198 1
198 144 1
145 54 1
54 145 1
145 40 1
40 145 1
145 107 1
107 145 1
145 184 1
184 145 1
146 19 1
19 146 1
146 116 1
116 146 1
146 121 1
121 146 1
146 98 1
98 146 1
147 132 1
132 147 1
147 29 1
29 147 1
147 182 1
182 147 1
147 44 1
44 147 1
148 85 1
85 148 1
148 32 1
32 148 1
148 110 1
110 148 1
148 90 1
90 148 1
149 187 1
187 149 1
149 47 1
47 149 1
149 57 1
57 149 1
149 3 1
3 149 1
150 31 1
31 150 1
150 54 1
54 150 1
150 115 1
115 150 1
150 146 1
146 150 1
151 180 1
180 151 1
151 196 1
196 151 1
151 174 1
174 151 1
151 53 1
53 151 1
152 86 1
86 152 1
152 52 1
52 152 1
152 157 1
157 152 1
152 15 1
15 152 1
153 89 1
89 153 1
153 195 1
195 153 1
153 79 1
79 153 1
153 166 1
166 153 1
154 2 1
2 154 1
154 67 1
67 154 1
154 30 1
30 154 1
154 113 1
113 154 1
155 120 1
120 155 1
155 19 1
19 155 1
155 177 1
177 155 1
155 110 1
110 155 1
156 50 1
50 156 1
156 135 1
135 156 1
156 183 1
183 156 1
156 22 1
22 156 1
157 27 1
27 157 1
157 175 1
175 157 1
157 145 1
145 157 1
157 58 1
58 157 1
158 44 1
44 158 1
158 3 1
3 158 1
158 134 1
134 158 1
158 137 1
137 158 1
159 80 1
80 159 1
159 197 1
197 159 1
159 148 1
148 159 1
159 187 1
187 159 1
160 177 1
177 160 1
160 163 1
163 160 1
160 180 1
180 160 1
160 132 1
132 160 1
161 123 1
123 161 1
161 186 1
186 161 1
161 10 1
10 161 1
161 156 1
156 161 1
162 175 1
175 162 1
162 174 1
174 162 1
162 103 1
103 162 1
162 92 1
92 162 1
163 57 1
57 163 1
163 72 1
72 163 1
163 173 1
173 163 1
163 186 1
186 163 1
164 13 1
13 164 1
164 178 1
178 164 1
164 144 1
144 164 1
164 168 1
168 164 1
165 126 1
126 165 1
165 11 1
11 165 1
165 13 1
13 165 1
165 30 1
30 165 1
166 14 1
14 166 1
166 180 1
180 166 1
166 8 1
8 166 1
166 127 1
127 166 1
167 39 1
39 167 1
167 92 1
92 167 1
167 126 1
126 167 1
167 100 1
100 167 1
168 53 1
53 168 1
168 12 1
12 168 1
168 137 1
137 168 1
168 65 1
65 168 1
169 99 1
99 169 1
169 70 1
70 169 1
169 104 1
104 169 1
169 101 1
101 169 1
170 168 1
168 170 1
170 137 1
137 170 1
170 28 1
28 170 1
170 61 1
61 170 1
171 63 1
63 171 1
171 10 1
10 171 1
171 95 1
95 171 1
171 39 1
39 171 1
172 21 1
21 172 1
172 81 1
81 172 1
172 63 1
63 172 1
172 112 1
112 172 1
173 58 1
58 173 1
173 69 1
69 173 1
173 146 1
146 173 1
173 195 1
195 173 1
174 109 1
109 174 1
174 28 1
28 174 1
174 92 1
92 174 1
174 103 1
103 174 1
175 98 1
98 175 1
175 169 1
169 175 1
175 100 1
100 175 1
175 178 1
178 175 1
176 26 1
26 176 1
176 50 1
50 176 1
176 20 1
20 176 1
176 179 1
179 176 1
177 51 1
51 177 1
177 129 1
129 177 1
177 65 1
65 177 1
177 16 1
16 177 1
178 189 1
189 178 1
178 191 1
191 178 1
178 34 1
34 178 1
178 48 1
48 178 1
179 48 1
48 179 1
179 115 1
115 179 1
179 9 1
9 179 1
179 174 1
174 179 1
180 183 1
183 180 1
180 130 1
130 180 1
180 46 1
46 180 1
180 87 1
87 180 1
181 55 1
55 181 1
181 199 1
199 181 1
181 68 1
68 181 1
181 191 1
191 181 1
182 23 1
23 182 1
182 155 1
155 182 1
182 190 1
190 182 1
182 189 1
189 182 1
183 121 1
121 183 1
183 167 1
167 183 1
183 124 1
124 183 1
183 106 1
106 183 1
184 122 1
122 184 1
184 6 1
6 184 1
184 84 1
84 184 1
184 125 1
125 184 1
185 1 1
1 185 1
185 73 1
73 185 1
185 80 1
80 185 1
185 88 1
88 185 1
186 25 1
25 186 1
186 4 1
4 186 1
186 172 1
172 186 1
186 41 1
41 186 1
187 192 1
192 187 1
187 53 1
53 187 1
187 60 1
60 187 1
187 4 1
4 187 1
188 194 1
194 188 1
188 179 1
179 188 1
188 66 1
66 188 1
188 71 1
71 188 1
189 160 1
160 189 1
189 162 1
162 189 1
189 165 1
165 189 1
189 27 1
27 189 1
190 147 1
147 190 1
190 142 1
142 190 1
190 17 1
17 190 1
190 150 1
150 190 1
191 79 1
79 191 1
191 145 1
145 191 1
191 197 1
197 191 1
191 120 1
120 191 1
192 97 1
97 192 1
192 103 1
103 192 1
192 191 1
191 192 1
192 138 1
138 192 1
193 142 1
142 193 1
193 37 1
37 193 1
193 128 1
128 193 1
193 199 1
199 193 1
194 60 1
60 194 1
194 147 1
147 194 1
194 43 1
43 194 1
194 105 1
105 194 1
195 69 1
69 195 1
195 49 1
49 195 1
195 21 1
21 195 1
195 74 1
74 195 1
196 124 1
124 196 1
196 91 1
91 196 1
196 71 1
71 196 1
196 148 1
148 196 1
197 193 1
193 197 1
197 41 1
41 197 1
197 50 1
50 197 1
197 128 1
128 197 1
198 52 1
52 198 1
198 139 1
139 198 1
198 113 1
113 198 1
198 173 1
173 198 1
199 174 1
174 199 1
199 34 1
34 199 1
199 3 1
3 199 1
199 147 1
147 199 1
